Time,Raw Value,Voltage
664.743919673,0,0
664.749108752,0,0.856
664.754085553,16,0.856
664.758170204,0,0.854
664.7618478,0,0.856
664.765513081,0,0.856
664.768781454,16,0.854
664.772160457,0,0.856
664.775437126,0,0.856
664.778709074,0,0.856
664.781968965,0,0.856
664.785223931,0,0.856
664.78847173,0,0.856
664.791728159,0,0.856
664.794979124,0,0.856
664.798254609,0,0.856
664.801522019,0,0.856
664.804773188,0,0.858
664.808038728,0,0.856
664.811420935,0,0.856
664.814672771,0,0.856
664.817895459,0,0.856
664.821174591,16,0.856
664.824419076,0,0.856
664.827673763,16,0.856
664.830936803,0,0.858
664.834171139,0,0.858
664.837429901,0,0.856
664.846672983,0,0.856
664.852801544,0,0.856
664.856758825,16,0.856
664.859988273,0,0.856
664.86326009,16,0.854
664.866498315,16,0.856
664.869841836,0,0.854
664.873001821,0,0.856
664.876103934,0,0.856
664.879237215,0,0.856
664.882381977,0,0.856
664.88552022,16,0.856
664.888616093,0,0.854
664.891708614,0,0.854
664.894902821,0,0.856
664.898002935,0,0.856
664.901104159,16,0.856
664.904206866,0,0.856
664.90730098,0,0.854
664.910389501,16,0.856
664.913492911,0,0.856
664.916606469,0,0.854
664.919715231,32,0.856
664.922812937,0,0.854
664.925920347,0,0.856
664.929041368,0,0.854
664.932283705,0,0.854
664.935404207,16,0.856
664.942581343,0,0.854
664.948614607,0,0.856
664.952495148,0,0.856
664.955632687,16,0.856
664.95875369,16,0.856
664.961874378,0,0.856
664.96497227,0,0.856
664.968089902,0,0.856
664.971308664,0,0.856
664.974445407,0,0.856
664.977701762,0,0.856
664.980852968,16,0.858
664.983990138,16,0.856
664.987134881,0,0.856
664.990275236,0,0.854
664.993425886,0,0.856
664.996567389,0,0.856
664.999714466,0,0.854
665.002834487,0,0.856
665.005970582,0,0.854
665.00910527,16,0.856
665.012211199,0,0.856
665.01542835,0,0.856
665.018604704,0,0.854
665.021751059,0,0.856
665.024883673,0,0.856
665.028026305,0,0.856
665.031159604,0,0.858
665.034292421,0,0.856
665.042607021,16,0.854
665.048603174,0,0.856
665.052556066,0,0.858
665.055709273,0,0.856
665.058965905,0,0.856
665.062117186,16,0.856
665.065250411,0,0.856
665.068388913,0,0.856
665.071511101,16,0.856
665.074618956,16,0.856
665.07774044,16,0.854
665.080848628,0,0.856
665.08395176,0,0.856
665.08708504,0,0.856
665.090190636,0,0.856
665.093293249,0,0.856
665.096531937,0,0.854
665.099666996,0,0.856
665.102797054,0,0.856
665.105926519,16,0.856
665.109052522,0,0.856
665.112198043,0,0.854
665.115326361,0,0.856
665.118471012,0,0.856
665.121602959,0,0.858
665.124727221,0,0.854
665.127824742,0,0.854
665.130964207,0,0.856
665.134211451,0,0.856
665.141556698,16,0.856
665.147600148,0,0.856
665.151309558,0,0.856
665.154427135,0,0.856
665.15757686,16,0.858
665.160720011,0,0.856
665.163858773,0,0.856
665.166994664,16,0.856
665.170163648,0,0.856
665.173307577,0,0.856
665.176420857,16,0.856
665.179712397,0,0.854
665.18285277,16,0.856
665.186012532,0,0.854
665.18916409,0,0.854
665.192319889,16,0.856
665.195465207,16,0.856
665.198616154,0,0.856
665.201774675,0,0.856
665.204919752,0,0.856
665.20806807,0,0.856
665.211222906,0,0.854
665.21448039,0,0.856
665.217621874,0,0.854
665.220757006,0,0.856
665.223883972,0,0.858
665.227013141,0,0.856
665.230144811,16,0.856
665.233292424,16,0.856
665.241606302,0,0.854
665.24758427,16,0.856
665.251284736,16,0.856
665.254428442,0,0.856
665.257586408,0,0.854
665.260843522,0,0.856
665.263981599,0,0.856
665.267114194,16,0.854
665.270300697,0,0.856
665.273442162,0,0.856
665.276563924,0,0.856
665.279707001,16,0.856
665.282843152,0,0.854
665.285971747,0,0.854
665.289103842,0,0.854
665.292250716,0,0.856
665.295390644,16,0.856
665.298636221,16,0.856
665.301777335,0,0.854
665.304908208,0,0.854
665.308062933,0,0.854
665.311214417,0,0.856
665.314361494,0,0.854
665.317487774,0,0.858
665.320619573,0,0.854
665.323750298,0,0.858
665.326892949,0,0.856
665.330027118,16,0.856
665.33318038,0,0.856
665.341686684,0,0.856
665.34757167,0,0.856
665.351274581,0,0.856
665.35441662,16,0.856
665.357574049,0,0.856
665.360724422,0,0.854
665.363861851,0,0.856
665.367024168,16,0.856
665.37022056,0,0.854
665.373359488,0,0.856
665.376490639,0,0.856
665.379743401,0,0.856
665.382899219,16,0.856
665.386054147,0,0.856
665.38921078,16,0.854
665.392347505,0,0.856
665.395505915,0,0.856
665.398657917,16,0.856
665.401810216,0,0.856
665.404957589,16,0.856
665.408091018,0,0.856
665.411224706,0,0.856
665.414365098,0,0.856
665.417598971,0,0.856
665.420743344,0,0.854
665.423879976,16,0.854
665.427016979,0,0.858
665.43016313,0,0.856
665.433318928,0,0.856
665.441587491,0,0.856
665.447650607,16,0.856
665.451381092,0,0.854
665.45452865,0,0.856
665.457674171,0,0.856
665.460818674,0,0.854
665.464082103,0,0.856
665.467223013,16,0.856
665.470400127,0,0.856
665.473540129,0,0.856
665.476684614,0,0.856
665.479825339,16,0.858
665.482972563,0,0.858
665.486126122,0,0.854
665.489295254,0,0.856
665.492442035,0,0.858
665.495591556,0,0.856
665.498728244,0,0.854
665.501982543,16,0.856
665.505110527,16,0.856
665.508239826,16,0.858
665.511377847,0,0.858
665.514527072,0,0.856
665.517654037,0,0.856
665.520798225,0,0.856
665.523921302,0,0.856
665.527061083,0,0.856
665.530206011,0,0.856
665.533356643,16,0.856
665.54168991,0,0.854
665.547594711,0,0.856
665.551298881,0,0.856
665.55445055,16,0.854
665.557584238,32,0.856
665.560715926,0,0.856
665.56386104,0,0.856
665.567008098,0,0.856
665.570228231,0,0.856
665.573356326,0,0.856
665.576490106,0,0.856
665.579626035,0,0.856
665.58289613,16,0.856
665.586050003,0,0.856
665.589191339,0,0.856
665.59234136,0,0.856
665.595490178,0,0.856
665.598638384,16,0.856
665.601772276,0,0.854
665.604894779,16,0.854
665.608017096,0,0.854
665.611152636,16,0.856
665.614286787,0,0.856
665.617448215,0,0.856
665.620697681,0,0.856
665.623837721,0,0.856
665.62696789,0,0.858
665.630117856,0,0.856
665.633279858,0,0.854
665.641616014,16,0.856
665.647633352,0,0.854
665.651567763,0,0.856
665.654720043,0,0.854
665.657856379,0,0.856
665.660974456,0,0.854
665.664254274,0,0.854
665.667410184,0,0.856
665.670635261,0,0.856
665.673783023,0,0.856
665.676934636,0,0.856
665.680070491,16,0.858
665.683212401,0,0.856
665.6863797,0,0.856
665.689531388,0,0.856
665.692684631,16,0.856
665.695837227,0,0.856
665.698977377,0,0.856
665.702217047,0,0.854
665.705356179,0,0.854
665.708506571,0,0.858
665.711641962,0,0.856
665.714787872,0,0.854
665.717932949,0,0.856
665.721079081,16,0.856
665.724220862,16,0.854
665.727366587,0,0.854
665.730526127,0,0.856
665.733678574,0,0.856
665.741605247,0,0.856
665.74771603,0,0.856
665.751439163,0,0.856
665.754591166,16,0.856
665.757765816,16,0.856
665.760918949,0,0.854
665.76407747,0,0.854
665.767224565,0,0.858
665.770376179,16,0.854
665.773520219,0,0.856
665.776664147,0,0.856
665.779816113,0,0.856
665.782956079,0,0.856
665.786211767,0,0.856
665.78934038,0,0.856
665.792474605,0,0.854
665.795605238,0,0.856
665.798727018,0,0.856
665.801843799,0,0.854
665.804963449,0,0.854
665.808106785,0,0.856
665.811263825,0,0.856
665.814400624,16,0.856
665.817542386,0,0.856
665.820801907,0,0.856
665.823890373,0,0.854
665.827021894,16,0.856
665.830124286,0,0.854
665.833261918,16,0.856
665.841541499,16,0.854
665.847607671,0,0.856
665.851282119,0,0.854
665.854389436,0,0.858
665.857492253,0,0.854
665.860587164,0,0.856
665.863696074,0,0.856
665.866915947,16,0.856
665.870034172,0,0.856
665.873135637,0,0.856
665.876256973,0,0.856
665.879359383,16,0.856
665.882471367,0,0.858
665.885565851,0,0.856
665.888678169,0,0.856
665.89179019,0,0.856
665.894933156,16,0.856
665.898060881,16,0.856
665.901175124,0,0.856
665.90441009,0,0.854
665.907530463,0,0.854
665.910637817,16,0.856
665.913752839,0,0.856
665.916874989,0,0.856
665.919993603,0,0.856
665.923092513,0,0.856
665.926213553,0,0.854
665.929323722,0,0.856
665.932426725,0,0.856
665.941583492,0,0.856
665.947773293,0,0.856
665.951589649,16,0.856
665.954705688,0,0.854
665.957810487,16,0.854
665.960920342,0,0.856
665.9640309,0,0.856
665.967143773,0,0.856
665.970246683,16,0.854
665.9733435,0,0.854
665.976440892,16,0.856
665.979548265,16,0.854
665.982671897,0,0.856
665.985893882,0,0.854
665.989023106,0,0.854
665.992132442,0,0.856
665.99523863,0,0.856
665.998346466,0,0.856
666.001453784,0,0.856
666.004567546,0,0.856
666.007666474,0,0.854
666.010778106,0,0.856
666.013906813,0,0.856
666.017030056,16,0.854
666.020147189,0,0.858
666.023356265,16,0.854
666.02645499,16,0.856
666.029556382,0,0.854
666.032679366,0,0.856
666.041550781,0,0.856
666.047598916,0,0.856
666.051264993,0,0.854
666.054380107,0,0.854
666.05748322,0,0.854
666.060602316,0,0.856
666.063715096,0,0.856
666.066846377,0,0.856
666.070074176,0,0.856
666.073238734,16,0.856
666.076357107,16,0.856
666.079492739,0,0.856
666.082609946,0,0.856
666.085719893,0,0.856
666.088846581,0,0.856
666.09197675,0,0.854
666.095097382,0,0.856
666.098212089,0,0.856
666.10132661,0,0.856
666.104559335,0,0.856
666.107676708,0,0.856
666.110819247,0,0.854
666.11392662,0,0.856
666.117035049,0,0.856
666.120158311,0,0.854
666.123268684,0,0.854
666.126377076,16,0.856
666.129504263,16,0.856
666.132632673,16,0.856
666.141567088,0,0.856
666.147626908,0,0.856
666.151692838,0,0.856
666.154816729,16,0.854
666.157925639,0,0.854
666.161051568,16,0.856
666.164195515,0,0.856
666.167327629,0,0.856
666.17048365,0,0.856
666.173579394,0,0.856
666.176683359,0,0.854
666.179808195,0,0.856
666.182939865,0,0.856
666.186081978,16,0.854
666.189333851,16,0.854
666.192468465,16,0.856
666.195588061,0,0.856
666.198719582,0,0.856
666.201861344,16,0.856
666.204995643,16,0.856
666.20813009,16,0.856
666.211265055,0,0.856
666.214412799,0,0.858
666.217553913,16,0.854
666.220702304,0,0.854
666.223853307,0,0.856
666.227102161,0,0.856
666.230231516,0,0.858
666.233364185,16,0.856
666.241593544,0,0.856
666.247621272,0,0.856
666.251312867,0,0.856
666.254440314,0,0.856
666.257558613,16,0.856
666.260703912,16,0.856
666.263840137,16,0.856
666.266976158,0,0.856
666.270226939,0,0.856
666.273353034,0,0.854
666.276487852,0,0.854
666.27960241,0,0.854
666.282714561,16,0.854
666.285838008,0,0.856
666.288931881,0,0.854
666.292043495,0,0.856
666.295168386,16,0.856
666.298279759,0,0.854
666.30138654,16,0.854
666.30447269,0,0.854
666.307675323,0,0.854
666.310765937,0,0.856
666.313867365,0,0.856
666.316977312,0,0.856
666.320080833,16,0.856
666.323215429,0,0.856
666.326309746,0,0.858
666.32944049,0,0.854
666.332547307,0,0.856
666.341560222,0,0.856
666.347611727,16,0.856
666.351297897,16,0.856
666.354517974,16,0.856
666.357606125,16,0.854
666.360694683,0,0.856
666.363807723,0,0.858
666.36690667,0,0.856
666.370004802,16,0.856
666.373119286,0,0.854
666.376236511,0,0.856
666.379362847,0,0.856
666.382457164,16,0.856
666.38555526,16,0.856
666.388762818,0,0.856
666.391858302,0,0.854
666.394973805,0,0.854
666.398065456,16,0.856
666.401164551,0,0.856
666.404272887,0,0.856
666.407355519,0,0.854
666.410454207,0,0.854
666.413554561,16,0.86
666.41665686,0,0.856
666.419746511,16,0.854
666.422852477,0,0.854
666.426071516,0,0.856
666.429156964,0,0.856
666.432238133,0,0.856
666.435335135,0,0.856
666.440708899,16,0.856
666.44762659,0,0.856
666.451314982,0,0.856
666.454421707,0,0.854
666.45751921,0,0.856
666.460626361,0,0.856
666.463725049,0,0.856
666.466845292,0,0.854
666.470052332,0,0.856
666.473212612,0,0.856
666.476318319,0,0.856
666.479444266,0,0.856
666.482560028,0,0.856
666.485652549,16,0.856
666.488756681,0,0.856
666.491851387,0,0.856
666.49496539,0,0.856
666.498068411,0,0.856
666.501167414,0,0.856
666.504263546,0,0.854
666.507469179,0,0.856
666.510572866,0,0.856
666.513704073,0,0.856
666.516817057,16,0.856
666.519918782,0,0.854
666.52302047,0,0.854
666.526125046,16,0.856
666.52924629,0,0.856
666.532352144,16,0.854
666.535455888,0,0.854
666.542561023,0,0.854
666.548731917,0,0.858
666.552400458,0,0.856
666.555488571,0,0.854
666.558604074,16,0.856
666.561753558,0,0.856
666.56487019,16,0.854
666.568007082,0,0.856
666.571149492,0,0.854
666.574269198,0,0.856
666.577412442,0,0.856
666.580550778,16,0.858
666.583678984,0,0.854
666.586898117,0,0.856
666.590019342,0,0.854
666.593141326,0,0.856
666.59624331,16,0.856
666.599355738,0,0.856
666.602457556,0,0.856
666.605576207,0,0.856
666.608710802,0,0.856
666.611847897,0,0.854
666.614972863,0,0.854
666.618107162,0,0.858
666.621235961,0,0.856
666.624489056,16,0.856
666.627598892,0,0.856
666.630714265,0,0.854
666.633817749,0,0.856
666.642619275,0,0.856
666.648624169,0,0.854
666.65254758,0,0.856
666.655656398,0,0.856
666.658794252,16,0.856
666.661915514,16,0.854
666.665033776,0,0.856
666.66814663,0,0.856
666.671363281,0,0.856
666.674473895,0,0.856
666.677595953,0,0.858
666.680738363,0,0.856
666.683857607,0,0.856
666.686964535,0,0.856
666.69008839,0,0.854
666.693209078,16,0.854
666.696319766,0,0.856
666.699427028,16,0.854
666.702551197,16,0.854
666.705791311,0,0.856
666.708941573,16,0.856
666.712071927,0,0.856
666.715216893,0,0.858
666.718353414,0,0.856
666.721481232,0,0.858
666.724611475,0,0.856
666.727742385,0,0.856
666.730876499,0,0.856
666.734021576,0,0.854
666.742625046,16,0.856
666.748632329,0,0.856
666.752477721,0,0.856
666.75558515,0,0.856
666.75869756,0,0.856
666.761797988,0,0.856
666.764902472,0,0.856
666.768017068,0,0.856
666.771134255,0,0.856
666.774269999,16,0.856
666.777390742,16,0.856
666.780511745,0,0.856
666.783629785,0,0.856
666.78671938,16,0.856
666.789923068,0,0.854
666.793017552,0,0.854
666.79610498,16,0.854
666.799215557,0,0.856
666.802316763,0,0.858
666.805432081,0,0.854
666.808549343,16,0.854
666.811670271,16,0.854
666.814796607,0,0.854
666.817903573,16,0.854
666.821017446,0,0.856
666.824246912,0,0.854
666.827361618,16,0.856
666.830445843,0,0.856
666.833538475,0,0.856
666.841619019,16,0.856
666.847691913,0,0.856
666.851556806,0,0.858
666.854652586,0,0.856
666.857745811,0,0.856
666.86084248,0,0.856
666.863929798,0,0.856
666.867014967,16,0.858
666.870217414,0,0.856
666.873329491,0,0.854
666.876425771,0,0.854
666.879519237,0,0.856
666.882609221,0,0.854
666.885716001,16,0.854
666.888806782,0,0.854
666.891903821,0,0.856
666.89499112,0,0.856
666.898072975,0,0.856
666.901164718,0,0.856
666.904257313,0,0.854
666.907483779,16,0.856
666.910570245,0,0.856
666.913653266,0,0.856
666.916749824,0,0.856
666.919856142,0,0.856
666.922940329,0,0.856
666.926056091,0,0.856
666.929155668,16,0.856
666.932266948,0,0.856
666.935362692,16,0.856
666.940743345,0,0.856
666.947638295,0,0.856
666.951422317,0,0.854
666.954534875,16,0.856
666.957637785,0,0.856
666.960744714,0,0.854
666.963856031,0,0.856
666.966964237,0,0.856
666.970068407,16,0.856
666.97320602,0,0.854
666.976332097,0,0.856
666.979451674,0,0.856
666.982575214,0,0.856
666.985799142,0,0.854
666.988901256,0,0.856
666.992018907,0,0.856
666.995135965,0,0.856
666.998255727,16,0.856
667.001366507,16,0.856
667.004488455,0,0.854
667.007609013,0,0.856
667.010726145,16,0.856
667.013838888,0,0.856
667.016948836,0,0.856
667.020054672,0,0.856
667.023283063,0,0.856
667.02640564,0,0.856
667.029542809,16,0.856
667.032677145,0,0.854
667.039749707,16,0.856
667.046701694,16,0.856
667.050298734,0,0.854
667.05348707,0,0.854
667.056638481,0,0.856
667.059795502,0,0.856
667.062933227,0,0.856
667.066085433,16,0.856
667.069350047,0,0.856
667.072528013,0,0.856
667.075681256,16,0.856
667.078826351,0,0.854
667.081978891,0,0.856
667.08510982,16,0.856
667.088267489,0,0.856
667.091418992,0,0.854
667.094577643,16,0.856
667.097730145,0,0.856
667.100870037,32,0.856
667.10401378,0,0.856
667.107165413,0,0.856
667.110315212,0,0.856
667.113460103,0,0.856
667.116608013,0,0.856
667.119760757,0,0.856
667.122915426,0,0.854
667.126069429,0,0.856
667.129211876,0,0.856
667.132362101,16,0.854
667.139804644,0,0.854
667.146692798,16,0.856
667.15053632,0,0.856
667.153695434,16,0.856
667.156849973,0,0.856
667.159995495,0,0.854
667.163157831,0,0.856
667.166315963,0,0.856
667.169461447,0,0.856
667.172620135,16,0.856
667.175770675,0,0.856
667.178906826,0,0.854
667.182046865,0,0.858
667.185197479,0,0.856
667.188459278,0,0.854
667.191618762,16,0.854
667.194758154,16,0.854
667.197851805,0,0.858
667.200962881,0,0.856
667.20411944,0,0.856
667.207260665,16,0.856
667.210414575,0,0.856
667.213572929,0,0.856
667.216721747,0,0.854
667.219871398,0,0.854
667.223016123,0,0.854
667.226293292,16,0.856
667.229427998,0,0.856
667.232584297,0,0.856
667.241653453,0,0.856
667.247696162,0,0.854
667.251411369,0,0.856
667.254574631,0,0.856
667.257734393,16,0.854
667.260887359,0,0.854
667.264037009,0,0.854
667.267194105,16,0.856
667.270353385,0,0.856
667.273617406,0,0.856
667.276777298,16,0.856
667.279928319,0,0.856
667.283062989,0,0.856
667.286206769,0,0.856
667.289349883,16,0.856
667.292495015,16,0.856
667.295639259,0,0.856
667.298771409,0,0.856
667.301911505,16,0.854
667.305053304,0,0.856
667.308296695,0,0.856
667.311444939,0,0.856
667.314578256,0,0.854
667.317735333,0,0.856
667.320885391,0,0.854
667.324014986,16,0.856
667.3271696,0,0.854
667.330314029,0,0.854
667.333472309,0,0.856
667.340722167,0,0.856
667.347686766,0,0.854
667.351437565,16,0.856
667.354698309,0,0.854
667.357843867,16,0.854
667.360977537,0,0.856
667.364115891,0,0.854
667.367258412,16,0.856
667.3704016,0,0.856
667.373533232,0,0.856
667.376661365,0,0.856
667.379806793,0,0.856
667.382945389,0,0.856
667.38608778,0,0.854
667.389233264,16,0.856
667.392499563,0,0.856
667.395651251,0,0.858
667.398787773,0,0.856
667.401925627,16,0.858
667.405079408,0,0.854
667.408229021,0,0.854
667.411370135,0,0.856
667.414533897,0,0.856
667.417681603,0,0.856
667.420810754,0,0.854
667.423948109,0,0.856
667.427197556,0,0.854
667.430340799,0,0.854
667.433482987,0,0.856
667.441677513,0,0.854
667.447695981,0,0.856
667.45141241,32,0.856
667.454565746,0,0.856
667.457708397,0,0.856
667.460850492,16,0.854
667.463992421,16,0.858
667.46715109,0,0.856
667.470294908,16,0.856
667.473540188,0,0.856
667.476684358,0,0.856
667.479820008,16,0.856
667.482951159,0,0.856
667.486157403,16,0.856
667.489312387,16,0.856
667.49246839,0,0.856
667.495616818,0,0.854
667.498755339,0,0.856
667.501916453,0,0.854
667.505048197,0,0.858
667.508205236,16,0.856
667.511473554,0,0.854
667.514616464,0,0.856
667.517763022,0,0.856
667.520895784,16,0.856
667.524020416,0,0.856
667.527170901,0,0.854
667.530321274,0,0.856
667.533479887,0,0.856
667.540793097,0,0.856
667.547704511,0,0.854
667.551423292,0,0.856
667.554555757,0,0.854
667.557821112,0,0.854
667.560985078,16,0.856
667.56412171,0,0.856
667.567255824,0,0.856
667.570387826,0,0.854
667.573535496,0,0.856
667.576673424,16,0.856
667.579818316,0,0.854
667.582960745,0,0.856
667.586091692,16,0.856
667.589244528,0,0.856
667.59252316,16,0.856
667.595684681,0,0.854
667.59885061,0,0.856
667.601997613,0,0.856
667.605139226,0,0.854
667.608260488,16,0.856
667.611398139,0,0.854
667.614518031,0,0.856
667.617658145,0,0.856
667.620812036,0,0.856
667.623958891,0,0.856
667.627081616,0,0.854
667.630336655,0,0.856
667.633487251,0,0.856
667.641676221,0,0.856
667.647692948,0,0.856
667.651426766,0,0.856
667.654571139,0,0.854
667.657705975,0,0.856
667.660825052,0,0.854
667.663954388,0,0.856
667.667090946,0,0.856
667.670231041,0,0.856
667.673384803,0,0.856
667.676646824,0,0.856
667.679787901,0,0.856
667.682938663,0,0.856
667.686071425,0,0.854
667.68922478,0,0.856
667.692374282,16,0.856
667.695533581,0,0.856
667.698689658,0,0.854
667.701856883,0,0.856
667.704997349,0,0.856
667.708127296,0,0.854
667.711302132,0,0.856
667.714428894,0,0.856
667.717570322,0,0.854
667.720714307,0,0.856
667.723845476,0,0.856
667.726990275,0,0.856
667.73011637,0,0.856
667.733281595,0,0.854
667.741693176,16,0.856
667.747733163,16,0.856
667.751633296,16,0.856
667.754762854,16,0.854
667.758036153,0,0.856
667.761172637,0,0.856
667.764313436,16,0.854
667.767455735,0,0.856
667.77058996,16,0.856
667.773738037,0,0.854
667.776891947,0,0.856
667.780021098,0,0.856
667.783173508,0,0.856
667.786326974,0,0.856
667.789486162,0,0.854
667.792643535,16,0.854
667.795894723,0,0.856
667.799035873,0,0.856
667.802183728,0,0.856
667.805325897,0,0.856
667.80845727,0,0.858
667.81159168,0,0.856
667.81473872,16,0.856
667.817910741,0,0.856
667.8210663,0,0.856
667.824214117,0,0.854
667.827362638,0,0.856
667.830488993,0,0.858
667.833757996,16,0.856
667.840797909,0,0.854
667.847674322,0,0.856
667.85138764,0,0.856
667.854537347,0,0.856
667.857676035,16,0.856
667.860815278,0,0.856
667.863952762,0,0.856
667.867098246,0,0.856
667.870238508,0,0.854
667.873372696,0,0.856
667.876612699,0,0.856
667.879755387,16,0.854
667.882906538,0,0.856
667.88607467,0,0.856
667.889232043,0,0.856
667.892390175,0,0.854
667.895534734,0,0.856
667.898674977,0,0.856
667.901804702,16,0.856
667.904951056,16,0.856
667.908073948,16,0.854
667.91121271,16,0.854
667.914482305,16,0.858
667.917620938,16,0.856
667.920749829,0,0.856
667.923886573,0,0.854
667.927034686,0,0.858
667.930183893,16,0.856
667.933318303,0,0.856
667.939818975,16,0.854
667.946717851,0,0.854
667.950426614,0,0.854
667.953554987,0,0.856
667.956678952,0,0.856
667.959924955,16,0.856
667.963066365,0,0.856
667.966198923,0,0.856
667.969315371,0,0.856
667.972443873,0,0.856
667.975589506,0,0.856
667.978713416,16,0.856
667.98185827,16,0.856
667.985003439,16,0.856
667.988131294,0,0.856
667.991256852,16,0.854
667.994496911,16,0.856
667.99763795,0,0.854
668.000778416,16,0.854
668.003919937,0,0.856
668.007060347,0,0.856
668.010206294,16,0.854
668.01333939,0,0.854
668.016490985,0,0.854
668.019617636,16,0.856
668.022745898,0,0.856
668.025879567,0,0.856
668.029010199,0,0.856
668.032266776,0,0.856
668.035409131,0,0.854
668.040826135,0,0.854
668.047708326,0,0.854
668.051399422,0,0.854
668.054551573,0,0.856
668.057696076,0,0.856
668.060841689,0,0.856
668.063973414,0,0.856
668.067111676,16,0.856
668.070238864,0,0.854
668.073402941,0,0.856
668.076685851,0,0.856
668.079831946,16,0.856
668.082965282,0,0.854
668.086115044,0,0.854
668.089258528,32,0.854
668.092407124,16,0.854
668.095564589,0,0.856
668.098724203,0,0.856
668.101879261,0,0.854
668.10502119,16,0.856
668.10817523,0,0.856
668.111326177,0,0.854
668.114594124,0,0.856
668.117734571,0,0.854
668.120884037,0,0.854
668.124032354,0,0.854
668.127176394,0,0.856
668.130310915,0,0.856
668.133441362,16,0.856
668.140816295,0,0.854
668.147721134,0,0.856
668.151408878,0,0.854
668.154558584,0,0.856
668.157817698,0,0.854
668.160958701,0,0.854
668.16408437,0,0.856
668.167211539,0,0.856
668.170346505,0,0.856
668.173497878,16,0.856
668.176652196,0,0.854
668.179791421,0,0.856
668.182925405,16,0.856
668.186071426,0,0.856
668.189228373,0,0.856
668.192368042,0,0.856
668.195640193,0,0.856
668.198796344,0,0.856
668.201953828,16,0.854
668.205112942,16,0.856
668.208285463,0,0.856
668.211444818,16,0.856
668.214608635,16,0.858
668.217759508,16,0.856
668.220882807,0,0.854
668.223937773,0,0.854
668.227093257,16,0.858
668.230244278,0,0.856
668.233495096,0,0.856
668.239826027,0,0.856
668.246707626,16,0.856
668.250416036,0,0.858
668.25357078,0,0.854
668.256735653,0,0.854
668.259898674,0,0.856
668.263048621,0,0.858
668.266196957,0,0.856
668.269335256,0,0.856
668.272483426,0,0.856
668.275738965,16,0.856
668.278890264,0,0.856
668.282033286,0,0.858
668.285171714,0,0.856
668.288324624,0,0.854
668.291470942,0,0.856
668.294609667,16,0.856
668.297757355,0,0.856
668.300896005,0,0.856
668.304042564,16,0.856
668.307194511,16,0.854
668.310344847,0,0.854
668.313614405,0,0.856
668.316775778,16,0.856
668.319935577,16,0.856
668.323091432,0,0.856
668.32625512,16,0.856
668.32942553,16,0.856
668.332574736,0,0.856
668.340858132,0,0.856
668.347720638,0,0.856
668.351436549,0,0.856
668.354581347,0,0.854
668.357749572,0,0.856
668.361030297,0,0.856
668.364175282,0,0.856
668.367327155,16,0.854
668.370478046,0,0.856
668.373680827,0,0.854
668.376819607,16,0.856
668.379970647,16,0.856
668.383133372,0,0.856
668.386283745,16,0.858
668.389453618,0,0.854
668.392612565,0,0.856
668.395768272,0,0.854
668.399028719,0,0.856
668.402163499,16,0.858
668.405299483,0,0.856
668.408450042,0,0.854
668.411609452,0,0.856
668.414764528,0,0.856
668.417906661,0,0.856
668.421043441,0,0.856
668.424190925,16,0.854
668.42732015,0,0.854
668.43046256,0,0.854
668.433707285,0,0.856
668.436865584,16,0.854
668.443814775,0,0.856
668.450730152,0,0.856
668.454439044,0,0.856
668.457597769,0,0.858
668.46074966,0,0.856
668.463895182,0,0.854
668.467043332,16,0.854
668.470190539,0,0.856
668.473328764,0,0.854
668.4764926,0,0.856
668.479744473,0,0.856
668.482887179,0,0.856
668.486036997,0,0.856
668.489170481,0,0.858
668.492312687,16,0.856
668.495447394,16,0.856
668.498600248,0,0.856
668.501742195,0,0.858
668.504887809,0,0.856
668.508032775,0,0.856
668.511178592,16,0.854
668.514333539,16,0.854
668.517593487,16,0.856
668.520751434,16,0.856
668.523905936,0,0.854
668.527055958,0,0.856
668.530182312,0,0.856
668.533330574,0,0.856
668.53647591,0,0.854
668.542821156,0,0.854
668.549723458,0,0.856
668.553444165,0,0.858
668.556570501,0,0.854
668.559727819,0,0.856
668.56284771,0,0.856
668.56597925,16,0.858
668.569121049,0,0.858
668.572273959,0,0.856
668.575342888,0,0.856
668.578483187,0,0.858
668.581615319,0,0.856
668.584770599,16,0.856
668.587918861,16,0.854
668.591061975,0,0.854
668.594207219,16,0.856
668.597463499,0,0.854
668.600606206,0,0.856
668.603742356,16,0.856
668.606901026,16,0.854
668.610053603,0,0.856
668.613194735,16,0.856
668.616339793,0,0.858
668.619484277,0,0.856
668.622612576,16,0.856
668.625752042,16,0.856
668.62887173,0,0.856
668.632007825,0,0.854
668.635268143,0,0.858
668.643745465,16,0.856
668.649827062,16,0.856
668.653727436,0,0.858
668.65688355,0,0.854
668.660021201,0,0.856
668.663164129,0,0.858
668.666320188,0,0.856
668.669462987,16,0.854
668.672615286,0,0.856
668.675735659,0,0.854
668.678889495,0,0.856
668.682140312,16,0.856
668.685297056,0,0.856
668.688448614,0,0.856
668.691605061,0,0.854
668.694758749,0,0.856
668.697912233,0,0.854
668.701061532,0,0.856
668.704216942,0,0.854
668.707357408,0,0.854
668.710518485,0,0.854
668.713684321,0,0.856
668.716834546,0,0.858
668.720082622,0,0.856
668.723213699,0,0.856
668.726370017,0,0.858
668.72950513,0,0.856
668.732635781,0,0.858
668.739836898,0,0.854
668.746747793,16,0.856
668.750461371,16,0.856
668.753617132,0,0.856
668.756775543,0,0.854
668.759926193,0,0.856
668.763182289,0,0.854
668.766312662,0,0.856
668.769453979,0,0.856
668.772596167,0,0.856
668.775736707,0,0.856
668.778878987,16,0.856
668.782019342,16,0.856
668.785161289,0,0.858
668.788305588,0,0.856
668.791445294,0,0.854
668.794576686,0,0.856
668.797701652,16,0.856
668.800958728,0,0.856
668.804104194,0,0.858
668.807247715,0,0.856
668.810385514,0,0.854
668.813549184,0,0.856
668.816690057,16,0.856
668.819836726,0,0.856
668.822979451,16,0.856
668.826112676,0,0.856
668.829258253,16,0.856
668.832407959,0,0.858
668.839830762,0,0.856
668.846873749,0,0.856
668.850562363,0,0.854
668.853684736,0,0.856
668.856847887,16,0.854
668.859997723,0,0.858
668.863163096,0,0.856
668.866312155,16,0.858
668.86946312,0,0.856
668.872627512,0,0.856
668.875769292,0,0.856
668.878909351,0,0.856
668.882159076,0,0.858
668.885294115,16,0.856
668.888432414,0,0.854
668.891575769,16,0.854
668.894678753,0,0.858
668.897801367,16,0.856
668.900917647,0,0.854
668.904034242,0,0.856
668.907178115,0,0.854
668.910311785,0,0.856
668.913441047,16,0.856
668.916577235,16,0.856
668.9198217,16,0.858
668.922965147,0,0.854
668.926111224,0,0.854
668.929243282,0,0.856
668.93237897,0,0.856
668.939792199,0,0.858
668.94670576,0,0.856
668.950429078,0,0.858
668.953551933,0,0.854
668.956693509,0,0.856
668.959836401,16,0.856
668.962986496,0,0.856
668.96624024,16,0.858
668.969365557,0,0.856
668.972496949,16,0.856
668.975666822,0,0.856
668.978798954,16,0.856
668.981931013,0,0.856
668.985063071,0,0.854
668.988213536,0,0.856
668.991344984,0,0.854
668.99448106,16,0.856
668.997626081,0,0.856
669.000806529,0,0.856
669.004079957,0,0.856
669.007195645,0,0.854
669.010312685,0,0.856
669.013408632,0,0.854
669.016518357,0,0.856
669.01962823,0,0.858
669.022763177,16,0.856
669.025913013,0,0.854
669.029057238,0,0.856
669.032197907,0,0.858
669.038844098,0,0.856
669.045741548,0,0.856
669.049453681,0,0.856
669.052603573,0,0.856
669.055742576,16,0.856
669.058876949,0,0.854
669.062013636,0,0.856
669.065162269,16,0.858
669.068302234,0,0.856
669.071442682,0,0.856
669.074584073,0,0.854
669.07768715,0,0.854
669.080778245,0,0.854
669.088326492,0,0.856
669.091483717,0,0.854
669.094612683,0,0.854
669.097775797,0,0.856
669.100937466,16,0.858
669.104102024,16,0.856
669.107271231,16,0.854
669.110435456,0,0.854
669.11360481,0,0.856
669.116737794,0,0.856
669.119905297,16,0.856
669.123183855,0,0.856
669.126286932,0,0.854
669.129374898,16,0.856
669.13247416,0,0.856
669.13984674,0,0.856
669.146711764,0,0.858
669.150387471,0,0.856
669.153474289,0,0.856
669.156574791,16,0.856
669.159664664,0,0.854
669.162766408,16,0.854
669.165981281,0,0.856
669.169083802,0,0.856
669.172170916,0,0.856
669.175254992,0,0.854
669.178319754,0,0.854
669.181423405,0,0.856
669.184507056,0,0.856
669.187588003,16,0.856
669.190682802,0,0.854
669.193783564,0,0.856
669.196871381,0,0.856
669.199957439,0,0.856
669.20313722,16,0.854
669.206211871,0,0.854
669.20929054,0,0.854
669.212380598,0,0.856
669.215487379,0,0.856
669.218563103,0,0.856
669.221637699,16,0.858
669.22470822,0,0.854
669.227795204,0,0.858
669.230885447,16,0.854
669.23883188,0,0.854
669.245717478,0,0.856
669.249547408,16,0.856
669.252630762,0,0.854
669.255699228,0,0.854
669.258791212,0,0.856
669.261882955,0,0.854
669.26495568,0,0.856
669.268045479,16,0.856
669.271135333,16,0.854
669.274249466,0,0.854
669.27733245,0,0.854
669.280416878,0,0.856
669.283503881,0,0.856
669.286688384,0,0.854
669.289766072,0,0.856
669.292841445,0,0.854
669.295917021,16,0.856
669.298995561,0,0.856
669.302085082,16,0.856
669.305161362,0,0.856
669.308254272,16,0.856
669.311343275,16,0.856
669.314416074,16,0.858
669.317502317,16,0.854
669.320697172,16,0.856
669.323804489,0,0.856
669.326895066,0,0.854
669.329980328,0,0.858
669.333081423,0,0.856
669.338832799,0,0.854
669.345728471,0,0.854
669.349393271,0,0.856
669.352479607,0,0.858
669.355569424,0,0.856
669.358657945,0,0.854
669.361747022,0,0.854
669.364970839,0,0.856
669.368046712,16,0.856
669.371139456,0,0.854
669.374223144,16,0.854
669.377324906,0,0.856
669.380416001,0,0.856
669.383497096,0,0.856
669.386577821,0,0.856
669.389659972,16,0.856
669.392751585,0,0.858
669.395851088,16,0.856
669.398986443,0,0.856
669.402210223,0,0.856
669.405317411,0,0.856
669.408423247,0,0.854
669.41151362,16,0.858
669.414628937,0,0.856
669.417714088,0,0.858
669.420805591,0,0.856
669.42390589,0,0.854
669.426996189,0,0.856
669.430102025,16,0.854
669.433174824,0,0.856
669.438938384,16,0.856
669.445724371,0,0.854
669.44933443,0,0.854
669.45242247,16,0.854
669.45549388,0,0.854
669.458573734,0,0.852
669.461669292,0,0.854
669.464771017,0,0.852
669.467862057,0,0.848
669.470963708,0,0.846
669.474069081,0,0.84
669.47716638,16,0.84
669.480391864,16,0.832
669.483487015,16,0.828
669.486568202,0,0.822
669.489656372,0,0.816
669.492736319,0,0.812
669.495818544,16,0.806
669.498910231,0,0.8
669.501998271,0,0.794
669.505091385,16,0.786
669.508182721,0,0.778
669.511266353,0,0.772
669.514369522,0,0.766
669.517560081,0,0.758
669.52066025,0,0.75
669.523744882,0,0.74
669.526851941,0,0.734
669.529939091,0,0.726
669.533052594,0,0.714
669.539730655,0,0.694
669.545744975,16,0.674
669.549395182,16,0.662
669.552479425,0,0.65
669.555573058,0,0.638
669.558675931,0,0.626
669.561921045,0,0.614
669.565013084,0,0.604
669.568096957,0,0.59
669.571185127,16,0.578
669.574285092,0,0.566
669.577358854,16,0.554
669.580435505,0,0.542
669.583542044,0,0.53
669.586631936,0,0.512
669.589722846,0,0.5
669.592806015,16,0.484
669.595998925,0,0.468
669.599088428,16,0.454
669.602189042,0,0.438
669.605269267,0,0.422
669.608367843,0,0.404
669.611447309,0,0.39
669.614545515,0,0.374
669.617629092,0,0.356
669.620710947,16,0.34
669.623796949,0,0.324
669.626899267,16,0.308
669.629989547,0,0.292
669.633185272,0,0.276
669.639713296,0,0.242
669.645756635,0,0.21
669.649447527,16,0.192
669.652536029,16,0.178
669.655617828,0,0.162
669.658719701,0,0.148
669.661814908,0,0.132
669.664911336,0,0.116
669.668016005,0,0.102
669.671119453,0,0.088
669.674235918,0,0.074
669.677448513,0,0.058
669.680579961,0,0.046
669.683717297,0,0.034
669.68683591,0,0.022
669.689958154,0,0.01
669.693055564,0,-0.002
669.696155733,0,0.0
669.699242143,0,-0.002
669.702343738,0,-0.002
669.705463297,0,0.0
669.708591151,0,0.0
669.711723783,16,0.002
669.714961546,0,0.002
669.718080382,0,0.002
669.721213921,0,0.002
669.724330202,0,-0.002
669.727468112,16,-0.002
669.730587337,0,0.0
669.738895751,0,0.002
669.745755294,0,0.0
669.749415668,0,0.0
669.752508652,0,-0.002
669.755608154,0,0.0
669.758826453,0,0.0
669.761925845,0,0.0
669.765027033,0,0.0
669.768129332,16,0.0
669.771234297,0,0.0
669.774363244,0,0.002
669.77749108,16,0.0
669.780617398,0,0.002
669.783748678,16,0.0
669.786882644,0,0.0
669.789987461,0,0.0
669.793133631,0,0.0
669.7963798,16,0.0
669.799504488,16,-0.002
669.802618528,16,0.002
669.805747993,0,0.0
669.808862181,16,0.002
669.811986684,0,0.0
669.815119631,16,0.0
669.818231671,16,0.0
669.821344821,0,0.0
669.824514917,0,0.002
669.827665586,0,0.002
669.83083683,0,0.002
669.839970652,16,0.0
669.846720343,0,-0.002
669.850376698,0,0.0
669.853490756,0,0.0
669.856593129,0,0.006
669.859678225,0,0.016
669.862786431,0,0.026
669.865884045,16,0.036
669.869005992,16,0.042
669.872120439,16,0.052
669.875230201,0,0.06
669.878463111,16,0.07
669.881561299,0,0.08
669.884681376,0,0.092
669.887797063,16,0.102
669.89088827,0,0.114
669.893992606,0,0.126
669.897110719,0,0.14
669.900215055,0,0.154
669.903323984,0,0.166
669.906405987,16,0.184
669.909498952,0,0.198
669.912597492,16,0.214
669.915816643,0,0.236
669.91888796,0,0.254
669.921979556,0,0.272
669.925059632,0,0.292
669.928165468,0,0.31
669.931253378,0,0.332
669.939867941,0,0.394
669.946754947,16,0.444
669.950437061,0,0.472
669.953535119,16,0.494
669.956615474,0,0.52
669.959714958,0,0.542
669.962930387,0,0.568
669.966021963,0,0.592
669.969104374,16,0.614
669.972195209,0,0.638
669.97536412,0,0.66
669.978458974,0,0.684
669.981575143,0,0.706
669.984710053,16,0.73
669.987819778,0,0.752
669.990927244,16,0.772
669.994036061,0,0.798
669.997112971,32,0.822
670.000322437,0,0.844
670.003408384,0,0.864
670.006501924,16,0.886
670.009591945,0,0.91
670.01270517,0,0.93
670.015809876,0,0.956
670.018933768,0,0.978
670.022043659,0,0.998
670.025157644,0,1.018
670.02825635,0,1.042
670.031348575,0,1.062
670.034443744,0,1.084
670.040848398,0,1.124
670.047773348,0,1.17
670.051472425,0,1.194
670.054581169,0,1.212
670.057709653,0,1.234
670.060838193,0,1.254
670.063965325,16,1.274
670.06710892,0,1.296
670.070241201,0,1.312
670.073377425,0,1.332
670.076526743,0,1.35
670.079765431,0,1.37
670.08289173,0,1.39
670.086015677,0,1.406
670.089151532,0,1.424
670.092276719,0,1.442
670.095374129,0,1.458
670.098500558,16,1.476
670.101599135,0,1.494
670.104704508,0,1.51
670.107837436,0,1.528
670.110966309,0,1.546
670.114090423,0,1.562
670.11733,0,1.578
670.120469151,16,1.594
670.123570616,0,1.612
670.126699193,16,1.626
670.129813103,0,1.642
670.132937847,16,1.66
670.140877928,0,1.696
670.1477651,0,1.73
670.151424362,16,1.748
670.15451631,0,1.762
670.157615312,0,1.774
670.160704648,16,1.79
670.163904873,0,1.806
670.167018598,16,1.82
670.170122286,16,1.834
670.17320577,16,1.846
670.17635568,0,1.86
670.179465664,0,1.874
670.1826015,0,1.892
670.185727336,0,1.904
670.188834561,16,1.918
670.19191349,16,1.932
670.195008492,0,1.948
670.198218051,0,1.96
670.201303849,0,1.976
670.204430167,0,1.99
670.207537781,0,2.004
670.210647524,0,2.02
670.213744897,16,2.034
670.2168529,16,2.05
670.219962958,16,2.062
670.223068905,0,2.078
670.226151352,0,2.09
670.229264003,0,2.104
670.23235932,0,2.122
670.239989142,0,2.154
670.246760999,0,2.186
670.250432336,0,2.204
670.253517042,0,2.22
670.256596378,0,2.234
670.259678733,0,2.248
670.262758494,16,2.264
670.265862664,0,2.282
670.268956148,16,2.294
670.272051873,0,2.31
670.275191413,0,2.324
670.27826336,0,2.34
670.28147764,16,2.358
670.284577217,0,2.374
670.287667738,0,2.39
670.290757833,0,2.408
670.293851651,0,2.426
670.296949505,0,2.442
670.300046304,0,2.46
670.303131492,0,2.476
670.306212458,16,2.492
670.309313886,16,2.51
670.312395907,0,2.53
670.315617558,0,2.546
670.318713394,0,2.562
670.321798137,0,2.58
670.324875066,0,2.596
670.327964772,0,2.614
670.331031127,0,2.63
670.334124241,16,2.646
670.340872357,16,2.68
670.347765974,0,2.718
670.351425329,16,2.738
670.354509647,16,2.754
670.357583872,0,2.77
670.360798967,0,2.788
670.363872747,16,2.802
670.366962954,0,2.82
670.370056401,0,2.834
670.373145978,0,2.852
670.376250406,0,2.868
670.379330057,0,2.882
670.382423652,0,2.9
670.385495655,0,2.916
670.388605898,0,2.93
670.391694845,0,2.942
670.394792478,0,2.958
670.397999165,0,2.974
670.401101705,16,2.99
670.404183634,0,3.002
670.407257284,16,3.016
670.410349361,0,3.03
670.413426734,16,3.048
670.41650657,0,3.06
670.419600036,0,3.074
670.422688427,16,3.088
670.425766856,16,3.102
670.428844173,0,3.114
670.431937472,16,3.128
670.435141456,0,3.14
670.442773444,0,3.168
670.44883319,16,3.192
670.45270599,0,3.202
670.455786493,0,3.214
670.458877477,0,3.224
670.461976016,0,3.228
670.465070538,0,3.236
670.468172948,0,3.242
670.471253839,0,3.25
670.474350175,0,3.258
670.477567252,0,3.262
670.480664866,0,3.268
670.483775016,0,3.272
670.486868223,0,3.278
670.48998667,0,3.28
670.493082543,16,3.284
670.496186601,16,3.286
670.499288585,0,3.288
670.502385106,0,3.292
670.505499424,0,3.292
670.508586889,0,3.294
670.511659818,16,3.292
670.514758154,0,3.294
670.517907509,0,3.294
670.521008141,0,3.292
670.524119643,0,3.292
670.527187831,0,3.292
670.530273297,0,3.292
670.53336904,0,3.292
670.540849602,0,3.292
670.547787145,0,3.29
670.551442278,0,3.288
670.554525669,0,3.282
670.557639931,16,3.278
670.560888416,0,3.27
670.56399664,0,3.266
670.567128865,0,3.26
670.570236516,0,3.25
670.573322519,16,3.242
670.576423318,0,3.234
670.579500469,0,3.22
670.582578156,0,3.212
670.585671159,0,3.202
670.588766217,0,3.188
670.591874368,0,3.178
670.594983834,0,3.164
670.598187096,0,3.15
670.601255617,0,3.138
670.604334823,0,3.122
670.607414418,0,3.108
670.61050031,0,3.094
670.613586405,0,3.08
670.616662926,16,3.066
670.619743355,0,3.05
670.622822968,0,3.032
670.625901804,16,3.014
670.628992177,0,2.998
670.632176754,0,2.98
670.63990802,0,2.938
670.646799174,0,2.896
670.650476566,0,2.876
670.653555402,0,2.856
670.656646997,16,2.84
670.659735056,0,2.818
670.662826132,0,2.798
670.665907727,16,2.78
670.668994841,0,2.758
670.672089548,0,2.738
670.67519368,0,2.72
670.678387349,0,2.698
670.681475111,0,2.678
670.684568466,0,2.658
670.687671709,0,2.636
670.690770934,16,2.616
670.69385814,0,2.594
670.696938865,16,2.572
670.700035368,0,2.55
670.703115981,0,2.528
670.706194928,0,2.502
670.709273301,0,2.48
670.712374619,0,2.456
670.715588659,0,2.434
670.718691958,0,2.41
670.721789497,0,2.384
670.724882444,0,2.36
670.727966651,16,2.332
670.731053783,0,2.308
670.734143526,0,2.284
670.740869625,0,2.228
670.747762594,0,2.166
670.751432578,0,2.134
670.754521896,0,2.106
670.75771538,0,2.074
670.760807568,0,2.046
670.763891867,0,2.016
670.766993129,0,1.986
670.770099539,16,1.954
670.773198745,16,1.922
670.776326303,0,1.89
670.779428084,0,1.858
670.782538994,16,1.826
670.785640311,16,1.792
670.78876798,0,1.76
670.79186452,16,1.724
670.795073486,0,1.69
670.798168285,16,1.656
670.801259973,16,1.62
670.804352642,0,1.586
670.807430719,0,1.55
670.810522055,0,1.518
670.813620779,0,1.48
670.816707078,16,1.448
670.81980697,16,1.412
670.822897639,0,1.378
670.825991846,16,1.344
670.829108496,0,1.31
670.832324147,0,1.28
670.835405761,0,1.25
670.838508838,0,1.216
670.844812565,0,1.152
670.851736719,0,1.088
670.855401704,16,1.05
670.858491095,0,1.02
670.861576654,0,0.992
670.864656453,16,0.964
670.867750492,16,0.932
670.870844143,0,0.902
670.873947294,0,0.874
670.877177111,0,0.844
670.880278707,0,0.816
670.883377024,0,0.79
670.886476434,0,0.76
670.889565733,0,0.734
670.892652217,0,0.708
670.895738072,0,0.684
670.898831074,0,0.658
670.90192491,0,0.63
670.905009765,16,0.606
670.90809149,0,0.582
670.911302196,0,0.556
670.91437431,16,0.532
670.917458905,0,0.508
670.920545371,16,0.488
670.923629707,0,0.464
670.926719191,0,0.444
670.929805101,0,0.422
670.932908474,0,0.4
670.939892924,16,0.36
670.946796412,0,0.32
670.950471304,0,0.302
670.953559214,0,0.286
670.95678642,0,0.268
670.959874645,16,0.254
670.962962388,0,0.24
670.966054854,0,0.226
670.969150301,0,0.212
670.9722406,0,0.2
670.975382177,0,0.19
670.978464698,0,0.178
670.981539126,0,0.166
670.984627518,0,0.158
670.987699687,0,0.146
670.990802523,0,0.136
670.99404323,0,0.126
670.997141714,0,0.118
671.000223828,0,0.108
671.003311034,0,0.102
671.006390055,16,0.092
671.009476391,16,0.084
671.012584801,0,0.076
671.01567297,0,0.068
671.018758751,0,0.06
671.021843068,0,0.052
671.02492933,0,0.044
671.028014444,16,0.032
671.031227058,0,0.026
671.034334449,16,0.018
671.040875677,16,0.002
671.047784201,0,0.0
671.051450186,0,0.0
671.054537744,0,0.0
671.057623377,16,0.002
671.060693972,0,0.0
671.063780474,0,0.0
671.066873607,0,0.0
671.069966239,0,-0.002
671.073188501,0,0.002
671.076297522,0,-0.002
671.079392914,16,0.0
671.082481213,0,0.0
671.085588567,0,-0.002
671.088678292,0,0.002
671.091774776,0,0.002
671.094866853,0,0.002
671.097953096,0,0.0
671.101042877,0,0.002
671.104121009,0,-0.002
671.107205345,0,0.002
671.11040557,0,0.002
671.113479795,0,0.0
671.116572205,0,0.0
671.119687615,0,0.0
671.122809284,16,0.0
671.125907268,16,0.0
671.128989937,0,0.0
671.132088514,16,0.0
671.135196906,0,0.0
671.140904429,16,0.0
671.14778662,0,-0.002
671.151427383,0,0.002
671.154632348,0,0.0
671.157718073,16,0.0
671.160800576,0,0.0
671.163905856,0,0.0
671.166991674,16,0.0
671.170087954,0,0.0
671.17318392,16,0.0
671.176320996,0,0.002
671.179450684,0,-0.002
671.182563446,0,0.0
671.185667467,0,0.008
671.188897933,0,0.02
671.191997028,0,0.032
671.195078938,16,0.044
671.198179497,16,0.062
671.201268314,0,0.074
671.204375594,0,0.09
671.207478282,16,0.106
671.210582433,0,0.122
671.213706269,16,0.138
671.216819457,0,0.156
671.219945552,0,0.178
671.223071444,0,0.196
671.226312613,16,0.212
671.229437079,0,0.232
671.232539267,0,0.254
671.235637788,16,0.274
671.240896181,16,0.306
671.247790798,0,0.352
671.251446264,16,0.378
671.254518156,0,0.4
671.257616047,0,0.422
671.26070755,0,0.442
671.263773478,16,0.468
671.266858592,0,0.492
671.270068187,0,0.516
671.273154209,0,0.542
671.276233933,0,0.564
671.279323584,0,0.592
671.282404568,0,0.616
671.285475015,0,0.642
671.288570055,0,0.67
671.291632984,0,0.694
671.29474732,0,0.722
671.297860137,16,0.748
671.300941769,0,0.778
671.304022402,0,0.806
671.307216108,0,0.834
671.310297648,16,0.86
671.313387836,0,0.89
671.316473746,0,0.918
671.319564637,0,0.948
671.322669232,16,0.978
671.325766698,0,1.002
671.328872182,0,1.03
671.331971296,0,1.058
671.335048206,0,1.088
671.341822915,16,1.142
671.347933495,0,1.194
671.35160135,16,1.228
671.354672982,0,1.254
671.357756299,0,1.28
671.360864524,0,1.308
671.363956897,0,1.336
671.367028752,16,1.362
671.370114514,0,1.388
671.373216313,0,1.418
671.376319111,0,1.442
671.379402855,0,1.468
671.382500895,0,1.5
671.38571236,0,1.526
671.388791418,0,1.554
671.391875884,0,1.578
671.394973331,16,1.606
671.398064723,0,1.634
671.401154096,0,1.66
671.404245487,0,1.688
671.407341675,0,1.712
671.410432252,0,1.738
671.413506365,0,1.762
671.416576998,0,1.788
671.419657778,0,1.812
671.422860429,16,1.838
671.425960376,0,1.862
671.429041582,0,1.886
671.432137159,0,1.912
671.439835462,0,1.972
671.446780653,0,2.024
671.450454656,0,2.052
671.453558826,0,2.076
671.456647124,0,2.098
671.459737035,0,2.12
671.462828852,0,2.146
671.465925392,0,2.168
671.469002431,0,2.192
671.472074434,0,2.216
671.475200251,0,2.238
671.478298847,0,2.266
671.48138096,0,2.288
671.484478019,16,2.312
671.487565003,0,2.336
671.490661746,0,2.36
671.493753638,16,2.386
671.496843622,0,2.412
671.499933606,16,2.438
671.503125757,0,2.462
671.506221,0,2.486
671.509321484,0,2.51
671.512404987,0,2.534
671.515487545,0,2.56
671.518577381,16,2.586
671.521670976,16,2.608
671.524746683,16,2.63
671.527817444,0,2.656
671.530898447,0,2.678
671.533987672,0,2.704
671.54089053,0,2.758
671.547936721,0,2.814
671.55161502,0,2.844
671.554695764,0,2.87
671.557786933,0,2.892
671.560871176,0,2.918
671.563966846,0,2.942
671.56704483,16,2.968
671.570126629,0,2.992
671.573204465,0,3.018
671.576287449,0,3.042
671.57938397,0,3.068
671.582499232,0,3.092
671.585724975,0,3.118
671.588804589,0,3.146
671.591886407,0,3.168
671.594969576,16,3.192
671.598039653,16,3.216
671.601129637,16,3.24
671.604212602,0,3.262
671.607305938,0,3.284
671.610388904,0,3.296
671.613474092,0,3.298
671.616567039,0,3.298
671.619757282,0,3.298
671.622850192,0,3.298
671.625928787,0,3.296
671.629000642,0,3.298
671.632086719,16,3.298
671.640909411,0,3.298
671.647797677,0,3.296
671.651468106,0,3.296
671.654570293,16,3.296
671.657661426,0,3.296
671.660737947,0,3.296
671.66382769,0,3.294
671.667030026,0,3.298
671.670115584,16,3.296
671.673194717,0,3.298
671.676375053,0,3.298
671.679460407,16,3.3
671.682534836,0,3.296
671.685625098,16,3.296
671.688726415,0,3.298
671.691810196,0,3.298
671.694898587,0,3.298
671.697981349,0,3.298
671.701078074,0,3.298
671.704282854,0,3.296
671.70736419,0,3.296
671.710449989,0,3.298
671.713541196,0,3.298
671.716630217,16,3.298
671.719698349,0,3.298
671.722774463,0,3.298
671.725867151,0,3.296
671.728963875,0,3.296
671.732071545,0,3.298
671.740887904,16,3.296
671.747808669,0,3.298
671.751615839,0,3.298
671.754699397,0,3.298
671.757794844,0,3.298
671.760883273,0,3.298
671.763969072,16,3.296
671.767059352,0,3.292
671.770140762,0,3.28
671.77323195,0,3.264
671.776346157,0,3.248
671.779421604,16,3.23
671.782501458,0,3.212
671.785710646,0,3.192
671.788803112,0,3.17
671.791890744,0,3.15
671.794974543,0,3.13
671.798046083,0,3.108
671.801124752,16,3.084
671.804202199,0,3.064
671.807311702,0,3.038
671.810432556,16,3.016
671.813543966,0,2.988
671.816673747,0,2.966
671.819758286,0,2.942
671.822970511,0,2.914
671.826064347,0,2.89
671.829147387,16,2.864
671.832216593,0,2.84
671.839898952,0,2.778
671.846790902,0,2.722
671.850469775,0,2.696
671.853560037,0,2.668
671.856643651,16,2.648
671.859739765,0,2.62
671.862826045,16,2.6
671.865948955,0,2.576
671.869173828,16,2.55
671.872296887,0,2.526
671.875380704,0,2.502
671.87849217,0,2.48
671.88157932,0,2.456
671.884658082,0,2.434
671.887755178,0,2.414
671.890834125,0,2.39
671.893923146,0,2.366
671.897023167,0,2.346
671.900110633,0,2.326
671.903183117,0,2.302
671.906374064,0,2.284
671.90947777,0,2.262
671.912560717,16,2.244
671.91565359,0,2.222
671.918732834,0,2.2
671.921825188,0,2.182
671.924902932,0,2.16
671.92799623,0,2.14
671.931092418,0,2.12
671.934190754,0,2.102
671.940870482,0,2.06
671.947965396,0,2.016
671.951639806,0,1.994
671.954734809,0,1.978
671.957835497,16,1.956
671.96092611,0,1.938
671.964011965,0,1.922
671.967145616,0,1.904
671.970237489,0,1.884
671.973331899,0,1.868
671.976482068,0,1.85
671.979562849,0,1.834
671.982637388,0,1.816
671.98583828,0,1.798
671.988917782,0,1.78
671.991987933,0,1.762
671.995108417,0,1.748
671.998216827,0,1.73
672.001334219,0,1.714
672.004432907,0,1.694
672.007536817,0,1.676
672.010675616,16,1.66
672.013793433,0,1.642
672.016878029,0,1.626
672.019961661,0,1.608
672.023194441,16,1.59
672.026266685,0,1.57
672.029354632,0,1.554
672.032437431,0,1.536
672.040830993,16,1.488
672.047840351,0,1.45
672.05152804,0,1.428
672.054637431,16,1.41
672.05772673,0,1.39
672.06082401,0,1.374
672.063907624,0,1.356
672.067110886,16,1.342
672.070191278,0,1.322
672.073270503,0,1.304
672.07637069,0,1.286
672.079471489,0,1.27
672.082564714,0,1.254
672.085659384,16,1.24
672.088730479,0,1.222
672.091821518,0,1.204
672.094922484,16,1.19
672.097997579,0,1.174
672.10107686,0,1.158
672.104278418,0,1.142
672.107350402,0,1.13
672.11042896,0,1.112
672.113514722,16,1.098
672.11660891,0,1.086
672.119700746,0,1.068
672.1227806,16,1.054
672.125858696,0,1.038
672.128950495,0,1.022
672.132038275,0,1.008
672.140856282,0,0.968
672.147850863,0,0.934
672.151630681,16,0.914
672.154708424,0,0.9
672.157787852,0,0.886
672.160857985,0,0.87
672.163930321,0,0.856
672.167007416,0,0.844
672.170089863,16,0.83
672.173180643,0,0.818
672.176294831,0,0.802
672.179394871,0,0.788
672.182492114,16,0.774
672.185583506,0,0.76
672.188799749,0,0.746
672.191886937,16,0.732
672.194973014,0,0.722
672.198059054,0,0.706
672.201147778,0,0.696
672.204235133,16,0.68
672.207321469,0,0.668
672.210396546,0,0.654
672.213487807,0,0.64
672.216591329,16,0.63
672.219666868,16,0.612
672.22288276,0,0.6
672.225960633,0,0.584
672.22903771,0,0.572
672.232117879,0,0.558
672.235204474,0,0.544
672.24180922,16,0.514
672.247863485,0,0.492
672.251524451,0,0.478
672.254622398,0,0.464
672.25771153,0,0.45
672.260796681,0,0.44
672.26386798,0,0.426
672.267054186,0,0.416
672.270126485,16,0.404
672.273209118,0,0.392
672.276330713,0,0.38
672.27940853,0,0.368
672.28249694,0,0.356
672.285567036,0,0.346
672.288650909,0,0.334
672.291715448,0,0.324
672.294800543,0,0.316
672.297880139,0,0.306
672.300998271,0,0.298
672.304213681,0,0.286
672.30730285,0,0.276
672.310385094,16,0.266
672.313462652,0,0.258
672.316541099,0,0.246
672.31962062,0,0.234
672.32270603,0,0.226
672.325788218,0,0.214
672.32886935,0,0.206
672.33194639,0,0.196
672.340906694,0,0.17
672.347985959,0,0.154
672.351667611,16,0.142
672.354742835,0,0.136
672.357835986,16,0.128
672.360918637,0,0.12
672.363991695,16,0.112
672.367079864,0,0.104
672.370168219,0,0.094
672.373260573,16,0.086
672.376361798,0,0.076
672.379431338,16,0.07
672.382514859,0,0.06
672.385722343,0,0.05
672.388808105,0,0.044
672.39191033,0,0.032
672.394976592,0,0.026
672.398058058,0,0.016
672.401142579,0,0.006
672.404232711,0,0.002
672.407309899,16,0.0
672.410387161,0,0.0
672.413454348,16,0.002
672.416543925,0,0.0
672.419623798,0,0.0
672.422840245,0,0.0
672.425923433,16,0.002
672.428999825,0,-0.002
672.432086068,0,0.0
672.435170071,0,0.002
672.440954483,16,0.002
672.447849156,16,0.0
672.45151364,0,0.0
672.454603754,0,0.0
672.457709979,0,0.002
672.460811907,0,0.0
672.463904151,0,0.0
672.467112542,0,0.002
672.470204323,0,0.002
672.473274751,0,0.0
672.476426754,16,0.002
672.47951322,16,0.0
672.482596963,0,0.0
672.485684243,0,0.002
672.488822005,0,0.0
672.491938397,0,-0.002
672.495027196,16,0.002
672.498111643,0,0.002
672.501329738,16,-0.002
672.504451019,0,0.0
672.50755141,0,0.0
672.510644561,0,0.0
672.513747175,0,0.0
672.516843011,0,0.002
672.519933921,0,0.0
672.523039461,16,0.002
672.526152908,0,0.008
672.529254744,0,0.02
672.532342339,0,0.03
672.540892568,16,0.058
672.547981648,0,0.084
672.551630948,0,0.1
672.55473671,0,0.112
672.557837842,0,0.124
672.560936474,0,0.138
672.56402657,16,0.152
672.567101257,0,0.166
672.570203297,0,0.182
672.573308392,16,0.196
672.576464321,0,0.212
672.579587268,16,0.226
672.582707419,0,0.244
672.585958014,0,0.26
672.589075146,16,0.28
672.592222483,0,0.296
672.595337781,0,0.314
672.598466025,0,0.33
672.601588528,0,0.348
672.604706826,0,0.362
672.607824144,0,0.386
672.610923573,16,0.404
672.614033464,0,0.424
672.617133059,0,0.446
672.620234155,0,0.464
672.623444305,0,0.484
672.626535364,0,0.504
672.629615181,0,0.524
672.632701184,0,0.546
672.641001561,16,0.6
672.647879567,0,0.648
672.651557848,16,0.674
672.654657406,0,0.696
672.657746742,0,0.718
672.660854337,0,0.74
672.663966451,16,0.762
672.667169695,0,0.786
672.670265123,0,0.812
672.673364681,0,0.834
672.676468017,0,0.856
672.679558501,16,0.88
672.682636837,0,0.904
672.685726544,16,0.93
672.688798232,0,0.956
672.691892364,0,0.978
672.694992811,0,1.004
672.698085869,0,1.028
672.701172001,0,1.05
672.704378912,16,1.076
672.707459803,16,1.1
672.710547361,0,1.122
672.713635734,0,1.146
672.716713237,0,1.17
672.719789406,0,1.194
672.722864705,0,1.216
672.725956134,16,1.238
672.729050673,0,1.264
672.732140676,0,1.286
672.739966368,0,1.346
672.746880818,16,1.398
672.750691118,0,1.426
672.753764194,0,1.45
672.756857827,0,1.472
672.759933144,0,1.492
672.763006239,0,1.516
672.76607652,0,1.536
672.769152856,0,1.562
672.772250044,0,1.582
672.775313602,0,1.604
672.778460197,0,1.628
672.781582977,0,1.65
672.784771462,0,1.674
672.787841612,0,1.694
672.790933597,0,1.72
672.794013932,0,1.74
672.797101194,0,1.764
672.800181549,0,1.788
672.803267477,0,1.808
672.806349628,0,1.832
672.809436612,0,1.852
672.81250693,0,1.878
672.815592136,0,1.898
672.818663083,0,1.922
672.821880493,0,1.944
672.824945144,0,1.966
672.828028424,0,1.988
672.831143816,16,2.012
672.839921212,0,2.074
672.846843552,0,2.126
672.850496962,32,2.152
672.853598224,16,2.174
672.856699819,0,2.198
672.859795211,0,2.22
672.862872417,0,2.244
672.865965994,0,2.266
672.869154941,0,2.29
672.872245944,16,2.312
672.875331428,0,2.334
672.878483505,0,2.358
672.881571822,0,2.382
672.88464201,0,2.406
672.887726124,0,2.432
672.890805608,0,2.452
672.893886184,0,2.472
672.896982428,0,2.498
672.90007143,0,2.522
672.903148526,16,2.544
672.906376825,16,2.566
672.909460994,0,2.588
672.912541682,0,2.61
672.91562087,16,2.632
672.918713817,0,2.652
672.921793023,0,2.674
672.924881303,0,2.694
672.927967565,0,2.716
672.931049401,0,2.736
672.934145811,16,2.76
672.940902447,0,2.806
672.947983249,16,2.856
672.9516619,0,2.884
672.95475681,0,2.902
672.957854572,0,2.926
672.960945501,0,2.948
672.964028078,0,2.966
672.967113414,0,2.988
672.97021312,0,3.012
672.973287011,0,3.034
672.976391959,0,3.054
672.97948198,16,3.076
672.982579075,0,3.1
672.985798985,0,3.122
672.988896395,0,3.144
672.992035361,0,3.166
672.9951334,16,3.186
672.998223681,0,3.206
673.001308332,0,3.228
673.004387168,0,3.246
673.007519504,16,3.266
673.010626969,0,3.282
673.013719527,0,3.298
673.016812826,0,3.298
673.01991607,0,3.296
673.02317085,0,3.298
673.026301557,0,3.298
673.02944717,0,3.296
673.032590803,0,3.296
673.039965698,0,3.298
673.046923778,0,3.296
673.05063717,0,3.296
673.053756673,0,3.296
673.056907675,16,3.3
673.060042382,0,3.298
673.063191162,0,3.296
673.06632085,0,3.296
673.069570649,0,3.298
673.072705356,0,3.298
673.075834932,16,3.3
673.079019046,0,3.296
673.082164567,16,3.296
673.085312459,0,3.298
673.088444128,0,3.298
673.091601427,0,3.298
673.094717263,0,3.298
673.097825451,0,3.298
673.100947509,16,3.3
673.104238142,0,3.298
673.107318385,0,3.298
673.110421554,0,3.3
673.113501168,0,3.296
673.116598004,0,3.298
673.119686673,16,3.3
673.122786417,0,3.298
673.125905623,16,3.296
673.128978533,0,3.298
673.132073036,0,3.296
673.135158909,0,3.296
673.1418876,16,3.298
673.14804392,0,3.298
673.151688645,0,3.296
673.154777926,0,3.296
673.157874206,0,3.298
673.160963894,0,3.296
673.164048471,0,3.296
673.167126306,0,3.292
673.170221124,0,3.28
673.173305997,0,3.27
673.176405833,16,3.262
673.179498428,0,3.246
673.182603005,16,3.24
673.185795878,0,3.226
673.18887401,0,3.212
673.191956642,16,3.202
673.195046367,0,3.186
673.198145981,0,3.172
673.201240187,0,3.16
673.204325449,0,3.142
673.207431508,0,3.126
673.210536473,0,3.106
673.213645217,0,3.09
673.216736997,16,3.074
673.219941037,0,3.052
673.22303941,0,3.036
673.226119986,16,3.012
673.229192841,0,2.992
673.232270769,0,2.972
673.239958554,0,2.918
673.246881097,16,2.868
673.250567341,0,2.844
673.253673621,16,2.818
673.256793772,0,2.796
673.259893978,0,2.77
673.263013296,0,2.748
673.266227132,0,2.722
673.269321227,0,2.698
673.272405489,16,2.674
673.275494917,0,2.65
673.278654031,0,2.628
673.281728349,0,2.604
673.284835796,0,2.58
673.287959076,0,2.556
673.291056912,0,2.53
673.294187267,16,2.506
673.297313788,0,2.48
673.300431198,16,2.46
673.30365896,0,2.434
673.306776685,0,2.41
673.309887317,0,2.386
673.313014098,0,2.362
673.316126878,0,2.34
673.319250455,0,2.316
673.322356846,16,2.292
673.325468756,0,2.27
673.328593037,0,2.248
673.331711465,0,2.226
673.339939806,0,2.166
673.346897423,0,2.116
673.3506925,0,2.09
673.353811281,0,2.068
673.356914765,0,2.046
673.36002649,0,2.024
673.363113677,16,2.002
673.366183199,16,1.982
673.369272664,0,1.96
673.372366685,0,1.94
673.375461521,0,1.918
673.37854982,0,1.898
673.38162473,0,1.878
673.384695881,0,1.858
673.387780217,0,1.838
673.390872183,0,1.818
673.393969259,0,1.796
673.397092799,0,1.776
673.400225302,0,1.76
673.403346193,0,1.738
673.406457363,0,1.718
673.409561347,0,1.696
673.412679683,0,1.68
673.415801037,0,1.658
673.418924818,0,1.638
673.422174895,0,1.616
673.425295842,0,1.596
673.428380844,0,1.576
673.431499791,0,1.554
673.439934058,0,1.5
673.446912156,0,1.454
673.450607474,0,1.43
673.453741958,16,1.41
673.456850646,0,1.388
673.459964705,16,1.37
673.463074374,0,1.35
673.466199321,0,1.33
673.46943425,0,1.31
673.472558308,0,1.292
673.475675755,0,1.27
673.478848498,0,1.254
673.48195989,0,1.234
673.485068393,16,1.216
673.48820521,0,1.196
673.49133862,0,1.176
673.49711894,16,1.142
673.500353369,0,1.124
673.503553149,0,1.1
673.506693337,16,1.08
673.509841747,16,1.058
673.513007565,16,1.036
673.516157938,0,1.014
673.519301403,0,0.994
673.522450684,0,0.974
673.525596983,0,0.95
673.528740671,0,0.928
673.531919433,0,0.906
673.54106007,0,0.838
673.548016483,16,0.79
673.551802579,0,0.762
673.55495423,0,0.738
673.558232881,0,0.718
673.561388828,0,0.694
673.56452722,0,0.672
673.567683037,0,0.648
673.570844521,16,0.622
673.573990357,0,0.6
673.577249934,16,0.572
673.580387289,0,0.548
673.583512717,0,0.522
673.586640572,0,0.496
673.589795556,0,0.468
673.593173855,0,0.436
673.596321488,0,0.404
673.599421953,0,0.378
673.602551697,0,0.348
673.605650773,0,0.318
673.608780091,0,0.29
673.611914297,16,0.262
673.615068004,16,0.23
673.61823271,0,0.202
673.62139225,32,0.174
673.624535678,16,0.15
673.627677644,16,0.124
673.630953443,16,0.098
673.634114168,0,0.074
673.64104647,16,0.026
673.648010291,0,0.002
673.651718183,0,0.0
673.654845908,0,-0.002
673.657971818,0,0.0
673.661096247,0,0.0
673.664245305,16,0.0
673.667381252,0,0.0
673.670521088,0,0.002
673.673670294,0,0.0
673.677004593,16,0.002
673.680109837,0,0.002
673.683217951,0,0.002
673.686327601,16,0.0
673.689426511,0,0.002
673.692533422,16,0.0
673.695638387,0,0.0
673.698788075,16,0.002
673.701880763,0,0.0
673.704969506,0,0.0
673.708061305,0,0.002
673.711145697,0,0.0
673.714356977,0,0.002
673.717475832,0,0.0
673.720590853,0,0.002
673.723689874,0,0.0
673.726789432,0,0.0
673.729874102,0,0.0
673.732985567,0,0.0
673.740972685,0,0.0
673.747967821,0,0.0
673.751648305,16,0.0
673.754750345,0,0.0
673.757991551,0,0.0
673.761106017,0,0.0
673.764222149,16,0.0
673.767335634,0,0.002
673.770446044,0,0.0
673.773584824,0,0.0
673.776745142,0,0.0
673.779856996,0,0.0
673.782998739,0,0.0
673.78613139,0,0.0
673.789255041,0,0.0
673.79238284,0,-0.002
673.795632528,0,0.0
673.798745438,0,0.0
673.801878256,16,0.0
673.804997425,0,0.0
673.808103039,16,0.0
673.811236393,16,0.002
673.814371118,0,0.0
673.817500769,16,0.0
673.820634272,0,0.0
673.823734571,0,0.002
673.82682911,0,0.0
673.829937594,0,0.0
673.833177986,0,0.0
673.841025159,16,0.0
673.847120924,0,0.0
673.850930557,0,0.0
673.854050448,0,0.0
673.857178562,0,-0.002
673.86027862,16,0.0
673.863399938,0,0.002
673.866508681,0,0.002
673.869623536,0,0.0
673.872726538,0,0.002
673.876007448,0,-0.002
673.879173729,0,0.002
673.88228875,16,0.0
673.885417419,0,0.002
673.888547848,0,0.002
673.891663462,0,0.0
673.894784335,0,0.0
673.897908893,0,0.0
673.901024692,0,0.002
673.904136306,0,-0.002
673.907265531,0,0.0
673.910415682,16,0.0
673.91366224,16,0.0
673.916807039,0,0.0
673.919935171,16,0.0
673.923084063,0,0.0
673.926237528,16,0.002
673.929365179,0,0.0
673.932526145,16,0.0
673.940086374,0,-0.002
673.946105397,0,0.004
673.949975604,0,0.002
673.953117774,16,0.002
673.956281073,0,0.0
673.959528594,0,0.002
673.962671597,0,0.0
673.965821581,16,0.0
673.96894775,0,0.0
673.972075271,0,0.0
673.975211644,0,-0.002
673.978408277,0,0.0
673.981550964,0,0.0
673.984667226,0,0.0
673.987813711,16,0.0
673.990939991,0,0.0
673.994087623,0,-0.002
673.997337922,0,0.0
674.00049037,0,0.002
674.003650743,16,-0.002
674.006792542,0,0.0
674.00995947,0,0.0
674.013124362,16,0.0
674.016265772,0,0.0
674.019425145,0,0.0
674.022582703,0,0.0
674.025746817,0,-0.002
674.028891079,16,0.002
674.032200841,0,0.002
674.040992163,0,0.0
674.046994094,0,0.0
674.050736801,0,0.002
674.053907156,0,0.0
674.057039825,0,0.0
674.06017205,0,0.0
674.063295238,0,-0.002
674.0664185,0,-0.002
674.069562225,0,-0.002
674.072704709,0,0.0
674.075835675,16,0.002
674.07910714,0,0.0
674.082246162,0,0.0
674.085392127,0,0.002
674.088528982,0,0.0
674.091652762,16,0.002
674.094851635,0,-0.002
674.097948971,0,0.0
674.101059122,0,0.0
674.104176199,0,0.0
674.107258553,0,0.002
674.110351389,16,0.002
674.113472188,0,0.0
674.116762172,16,0.0
674.11992999,0,0.0
674.123096011,0,0.002
674.126246532,0,0.0
674.129395868,0,0.0
674.132567853,0,0.0
674.140067174,0,0.002
674.146169401,0,0.002
674.15004496,16,0.0
674.153213185,0,0.0
674.156382725,0,0.0
674.159553376,16,0.002
674.162840786,0,0.0
674.165998696,16,0.0
674.16915681,0,0.0
674.17231659,0,0.0
674.175511963,16,0.0
674.178748188,0,0.0
674.181872191,0,0.0
674.185033342,0,0.002
674.188197937,0,0.0
674.19133981,0,0.002
674.194462183,0,-0.002
674.197709075,0,0.0
674.200830837,0,0.004
674.203976025,0,0.0
674.207112805,0,0.0
674.210253919,0,0.002
674.213411625,0,0.0
674.216560924,0,0.004
674.219715483,0,0.0
674.222850652,0,0.0
674.225989803,32,-0.002
674.229134972,16,0.0
674.232291493,0,0.0
674.241182575,0,0.0
674.248022933,0,0.0
674.251751862,0,0.002
674.254886809,0,0.0
674.25803246,0,0.002
674.261182629,0,0.0
674.26433441,0,0.002
674.267475894,0,0.0
674.270631896,0,0.0
674.273751103,0,0.0
674.276875013,16,0.002
674.280058201,16,-0.002
674.283338592,16,-0.002
674.28648178,16,0.0
674.289617098,0,0.0
674.292760119,0,0.002
674.295904529,16,0.0
674.299031087,0,0.0
674.302181016,0,0.0
674.305330056,0,0.0
674.308436336,0,0.0
674.311595468,16,0.0
674.314740286,0,0.0
674.318008085,0,0.0
674.321169791,0,0.0
674.324318498,0,0.002
674.327468889,0,0.0
674.330625781,0,0.0
674.333796821,0,0.0
674.340091752,0,0.002
674.346133461,0,0.0
674.350012594,0,0.0
674.353190041,16,0.0
674.356360673,0,0.0
674.359545935,16,0.002
674.362857808,0,0.0
674.366015644,16,0.0
674.369164055,0,-0.002
674.372332168,0,0.0
674.375490801,0,0.0
674.378677118,16,0.0
674.381831269,0,0.002
674.384988364,16,0.0
674.388132867,16,0.004
674.391283333,0,0.0
674.394425317,0,0.0
674.397573968,16,0.002
674.400830526,0,0.0
674.403972658,0,-0.002
674.407122605,0,0.0
674.410263367,16,0.0
674.413397815,16,0.0
674.41654178,0,0.0
674.419672283,0,0.0
674.422830323,0,0.0
674.425971177,0,0.0
674.429117087,0,0.0
674.432240979,0,0.002
674.435394259,16,0.0
674.442249154,16,0.002
674.449012549,16,0.0
674.452712478,0,0.0
674.455855851,16,0.0
674.45901389,0,0.002
674.462173652,16,0.002
674.465326785,0,0.002
674.468481047,0,0.0
674.471648272,0,0.0
674.474813385,0,0.0
674.477958907,0,0.0
674.481228669,0,0.002
674.484372542,0,0.0
674.487526248,0,0.0
674.490681843,0,0.0
674.493840957,0,0.002
674.496984553,0,0.0
674.500073407,0,-0.002
674.503222576,0,0.0
674.506386172,0,-0.002
674.509537711,0,0.0
674.512695659,0,0.002
674.515847143,0,0.0
674.519135442,0,0.0
674.522285259,0,0.0
674.525432132,0,-0.002
674.528586394,16,0.002
674.531760138,0,0.0
674.53493977,16,0.0
674.541117942,0,0.002
674.548038541,0,0.0
674.551767766,0,0.002
674.554912954,0,0.002
674.558076105,0,0.0
674.561236904,16,0.0
674.564497555,16,0.0
674.567592187,0,0.0
674.570757653,0,0.0
674.573912544,16,0.002
674.577075343,0,0.0
674.580266753,0,0.0
674.583406497,16,0.0
674.586564685,0,-0.002
674.589701206,16,0.0
674.592859042,0,0.0
674.596107822,0,0.0
674.599229955,16,0.0
674.602443383,0,0.0
674.605572349,16,-0.002
674.608655407,0,-0.002
674.611783669,16,-0.002
674.614936598,0,0.0
674.618078804,0,0.002
674.621208399,16,0.002
674.624331143,0,-0.002
674.627456312,0,0.002
674.630592074,0,0.0
674.633748558,0,0.002
674.641267398,0,0.002
674.648008737,0,0.0
674.651707018,0,0.002
674.654820761,16,0.0
674.657942968,16,0.0
674.661061322,0,-0.002
674.664187047,0,0.0
674.667287661,16,0.0
674.670398775,0,0.002
674.673502925,0,0.0
674.676602891,0,0.0
674.679724116,16,0.0
674.682992674,0,0.0
674.686141418,0,0.002
674.689299402,0,0.0
674.692443275,0,0.0
674.695547759,0,0.0
674.698681077,0,0.0
674.701819079,0,0.0
674.70494923,0,0.0
674.70807751,16,0.0
674.711186883,0,0.0
674.714316127,0,0.002
674.717451537,16,0.0
674.720707873,0,0.0
674.723842876,0,0.002
674.727014341,16,0.002
674.730171974,16,0.0
674.733322551,0,0.0
674.740073593,0,0.0
674.746155673,16,-0.002
674.750004268,0,-0.002
674.753113734,0,0.0
674.756234922,0,0.002
674.759342776,0,0.004
674.762571575,0,0.0
674.765704911,0,0.0
674.76883697,0,0.0
674.771969509,0,0.0
674.775106642,0,0.0
674.778245978,0,0.002
674.781393166,0,0.002
674.784531668,16,0.0
674.787678115,0,0.002
674.790855377,0,0.0
674.79399075,0,0.002
674.797122235,0,0.002
674.800395978,16,0.0
674.803531592,16,0.002
674.806648946,0,0.0
674.809768727,16,0.0
674.81290173,0,0.002
674.816034936,16,0.002
674.819153142,16,0.0
674.822274867,0,0.0
674.825391536,0,0.002
674.82850978,0,0.0
674.831632264,0,0.0
674.840155271,0,0.0
674.846187647,0,0.0
674.850023817,0,0.0
674.853119412,16,-0.002
674.856208563,0,0.0
674.859310936,0,-0.002
674.86241642,0,0.0
674.865520682,0,0.0
674.868633685,0,0.0
674.871746595,0,0.0
674.874837931,16,0.0
674.877987841,0,0.0
674.881140825,0,0.0
674.889596202,0,0.0
674.892750964,0,0.002
674.895918263,0,0.0
674.899081396,16,0.0
674.902245547,16,0.0
674.905414605,0,0.0
674.90858207,0,0.002
674.911738295,16,-0.002
674.914893354,0,0.002
674.918044319,0,0.002
674.921272229,0,0.002
674.924404343,0,0.0
674.927529179,16,0.0
674.930668404,0,0.0
674.933801314,0,0.002
674.940129986,16,0.0
674.94707264,16,-0.002
674.950778255,0,0.0
674.953894424,0,0.0
674.957022149,0,0.0
674.960138744,32,0.0
674.963287284,0,0.0
674.966520768,0,0.0
674.969659678,0,0.0
674.972789366,0,0.0
674.975918221,0,0.0
674.979084871,0,-0.002
674.982210948,0,0.002
674.985336284,16,0.0
674.98847449,0,0.0
674.991611586,0,0.0
674.994746144,32,0.002
674.997874647,16,0.0
675.000989038,0,0.002
675.004238634,16,0.0
675.007359118,16,0.0
675.010501806,0,0.002
675.013646512,0,0.0
675.016771607,0,0.0
675.019909054,0,0.0
675.023057094,0,0.002
675.026209393,0,0.0
675.029346803,16,0.002
675.032528491,0,0.0
675.041156795,0,0.0
675.048028578,0,0.0
675.051636137,16,0.0
675.054769121,0,0.0
675.05790842,0,0.002
675.061059719,0,0.002
675.064190111,0,0.002
675.06734391,0,0.0
675.070488598,0,0.0
675.073616859,0,0.002
675.076759918,0,0.002
675.079920457,0,0.0
675.083043979,16,-0.002
675.086290296,0,0.002
675.089423632,0,0.0
675.09255919,0,0.0
675.095769749,16,0.0
675.098917251,0,0.0
675.102048217,0,0.002
675.105171201,0,0.002
675.108296482,0,0.0
675.111402447,0,0.0
675.114512098,0,0.0
675.11764086,0,0.0
675.12079414,0,0.002
675.124053551,16,0.0
675.127194016,0,0.002
675.130318167,0,0.002
675.133469411,0,0.0
675.14009812,0,-0.002
675.146183495,0,0.0
675.150026999,16,0.004
675.15313415,0,0.0
675.156240819,0,0.0
675.159357322,16,0.0
675.162466565,0,0.0
675.165601012,0,0.0
675.168816867,0,0.002
675.171939647,0,0.0
675.17507152,0,0.0
675.178220301,0,0.0
675.181356414,0,0.0
675.184498399,0,-0.002
675.187638957,0,0.0
675.190771719,0,-0.002
675.193893388,0,0.0
675.197013539,0,0.0
675.20014443,0,0.0
675.203358859,0,0.0
675.206470639,16,-0.002
675.209600457,0,0.002
675.212705071,0,0.0
675.215835018,0,0.0
675.218969817,0,0.0
675.222104838,0,0.0
675.225221841,16,0.0
675.228349029,16,0.0
675.231466827,0,0.002
675.240070946,0,0.0
675.246200618,0,0.002
675.250101658,0,0.0
675.253225124,0,0.0
675.256335034,0,0.0
675.259468259,16,0.0
675.262595836,0,0.0
675.265726746,0,0.002
675.268861841,16,0.0
675.271975288,0,-0.002
675.275062068,16,0.002
675.278198849,0,0.0
675.281316185,16,0.0
675.284436762,0,0.0
675.287670579,0,0.002
675.290796748,0,0.002
675.293910714,0,0.0
675.297029272,16,-0.002
675.300126627,16,-0.002
675.303254055,0,0.0
675.306394206,0,0.0
675.309513505,0,-0.002
675.312659341,0,0.002
675.31578727,0,0.0
675.318912495,0,0.0
675.322050757,0,0.0
675.3252995,16,0.002
675.32842754,0,0.002
675.33156395,16,0.002
675.33469973,160,0.0
675.34112944,544,0.002
675.347207926,928,0.002
675.351084189,1184,0.0
675.354204692,1392,0.0
675.357328213,1616,0.0
675.360452123,1824,0.0
675.363581792,2032,0.0
675.366700702,2272,0.002
675.369819223,2496,0.0
675.372961541,2720,0.0
675.376091544,2944,-0.002
675.379255398,3200,0.0
675.382406623,3424,0.0
675.385567033,3664,0.0
675.38870111,3920,0.002
675.391816946,4176,0.002
675.394973486,4400,0.0
675.398118655,4656,0.002
675.401285009,4880,0.0
675.404507679,5136,0.0
675.40765107,5408,0.0
675.410785277,5616,0.0
675.413937502,5888,0.0
675.41707756,6112,-0.002
675.420213526,6368,-0.002
675.423349232,6576,0.0
675.426499827,6816,0.002
675.429642626,7024,0.0
675.432809222,7264,0.0
675.441146469,7856,0.0
675.447190938,8256,0.0
675.451188404,8512,0.0
675.454322462,8720,0.0
675.457462761,8912,0.0
675.460608467,9120,0.002
675.463745766,9280,0.0
675.466885399,9456,0.002
675.470000272,9616,-0.002
675.473140497,9776,0.0
675.476283962,9920,0.0
675.479418947,10064,0.0
675.482563338,10224,0.002
675.485702433,10368,0.0
675.48896401,10512,0.0
675.492115624,10672,0.002
675.495265738,10832,0.0
675.498420796,10976,-0.002
675.501553614,11120,0.002
675.504694357,11280,0.002
675.507837211,11440,0.0
675.51099964,11584,0.0
675.514147124,11760,0.0
675.517278831,11920,0.0
675.520416815,12096,0.0
675.523686132,12256,0.0
675.526849357,12416,0.0
675.529991619,12592,0.0
675.53313364,12784,0.0
675.541183092,13248,0.0
675.547192338,13584,0.002
675.551079767,13824,0.0
675.554222251,14000,0.0
675.557361883,14192,0.002
675.560490645,14384,0.0
675.563629129,14560,0.0
675.566767447,14752,0.0
675.570012728,14928,0.0
675.573148212,15104,0.0
675.576271437,15264,0.0
675.579459439,15408,0.0
675.582594498,15600,0.0
675.5857365,15792,0.0
675.588855818,15952,0.0
675.591978413,16112,0.0
675.595157008,16256,0.0
675.598417196,16416,0.0
675.601543254,16608,0.002
675.604656794,16784,0.002
675.607952427,16960,0.0
675.611058226,17136,-0.002
675.614167136,17280,0.0
675.617274694,17456,-0.002
675.620396993,17600,0.0
675.623515866,17744,0.0
675.626619998,17872,0.0
675.629759649,18016,0.0
675.632890559,18144,0.0
675.641056584,18464,0.0
675.647195979,18688,0.0
675.651141575,18800,0.0
675.654275059,18912,0.002
675.657384802,19008,0.0
675.660494823,19104,0.0
675.663602085,19168,0.002
675.666709106,19248,0.002
675.669827072,19328,0.002
675.672950038,19392,0.002
675.676071651,19472,0.0
675.679210265,19552,0.0
675.682323138,19600,-0.002
675.685436696,19664,0.0
675.688667403,19728,0.002
675.69175635,19776,0.0
675.694859297,19824,0.0
675.697945689,19888,0.0
675.701039839,19952,0.002
675.704131398,20016,0.002
675.707228085,20096,0.0
675.710350403,20160,0.002
675.713455276,20256,0.0
675.716556186,20352,0.002
675.719657411,20464,0.0
675.722756173,20544,0.0
675.725995157,20656,0.0
675.729096493,20768,-0.002
675.73224831,20880,0.0
675.740121058,21216,0.0
675.746134452,21504,0.0
675.750033955,21680,0.002
675.753142532,21856,0.0
675.756243812,22000,-0.002
675.759345093,22176,0.0
675.76244917,22352,0.0
675.76554482,22528,0.0
675.768661934,22688,0.0
675.7719059,22864,0.0
675.775016254,23040,0.002
675.778126257,23216,0.002
675.781300482,23392,0.002
675.784425059,23552,0.0
675.787559302,23744,0.0
675.790688675,23936,0.0
675.793800085,24128,0.0
675.796919162,24320,0.002
675.800036498,24560,0.0
675.803145315,24768,0.0
675.806370411,25008,0.0
675.809471265,25232,0.0
675.812556453,25456,0.0
675.815645826,25664,0.002
675.81874181,25872,0.0
675.821845331,26080,0.002
675.824944167,26288,0.002
675.828041022,26368,0.0
675.831134524,26368,0.0
675.834240768,26368,0.0
675.841166181,26384,0.0
675.848056928,26368,0.002
675.851884746,26368,0.0
675.854969286,26368,0.0
675.858071233,26368,0.0
675.861180087,26368,-0.002
675.864296831,26384,0.0
675.867396574,26368,0.0
675.870493373,26368,0.0
675.873590024,26384,0.0
675.876667767,26368,0.0
675.879782233,26384,0.0
675.882893569,26384,0.0
675.886000034,26384,0.0
675.889212463,26384,0.0
675.892323836,26384,0.0
675.895410876,26384,0.0
675.898512952,26384,0.0
675.901626418,26400,0.0
675.904762698,26368,0.004
675.907871368,26384,0.0
675.910976148,26368,0.002
675.914079243,26384,0.002
675.917185894,26368,0.0
675.920297823,26384,0.0
675.923414085,26384,0.002
675.926635217,26384,-0.002
675.929755183,26400,0.002
675.932872,26368,0.0
675.94006034,26384,0.0
675.946197456,26288,0.0
675.950036922,26144,0.0
675.953148555,26032,0.0
675.956240594,25872,0.0
675.959363171,25728,0.002
675.962475285,25552,0.0
675.965582324,25376,0.0
675.968832975,25200,0.0
675.971929367,25008,0.002
675.975047592,24800,0.0
675.978164576,24640,0.0
675.981270319,24432,0.0
675.984379618,24256,0.0
675.987486713,24064,0.0
675.990588123,23888,0.0
675.993699071,23728,0.0
675.996798295,23568,0.002
675.999905354,23392,0.0
676.003000338,23232,-0.002
676.0062296,23072,0.002
676.009340621,22912,0.0
676.012449513,22736,0.0
676.0155412,22560,0.002
676.01864787,22384,0.0
676.021751632,22176,0.002
676.024852579,21984,0.0
676.027966989,21792,0.0
676.031109251,21584,0.0
676.034223716,21376,0.002
676.041128,20992,0.0
676.047189024,20656,-0.002
676.051198064,20464,0.0
676.054294845,20320,0.002
676.057402384,20176,0.002
676.060505516,20032,0.0
676.063634482,19904,0.0
676.066745022,19792,0.0
676.069860524,19680,0.0
676.072961453,19568,0.0
676.076057974,19456,0.0
676.079170403,19344,0.002
676.08226198,19248,0.002
676.085493167,19168,0.0
676.088596133,19056,0.0
676.091705025,18960,0.0
676.094868324,18864,-0.002
676.098114012,18784,0.0
676.101263348,18688,0.0
676.104381072,18592,0.0
676.107535594,18512,0.0
676.1106893,18416,0.0
676.113817469,18320,0.002
676.116907805,18240,0.0
676.120018641,18128,0.002
676.123233514,18048,-0.002
676.126339425,17952,0.0
676.129432335,17872,0.002
676.132542078,17776,0.0
676.141118011,17472,0.0
676.147192368,17232,0.002
676.151091575,17120,0.0
676.154216671,16976,-0.002
676.157336395,16880,0.0
676.160443305,16768,0.0
676.163546049,16608,0.002
676.166646144,16464,0.002
676.169881499,16336,0.002
676.173009724,16192,0.002
676.176138319,16064,0.0
676.179310192,15952,0.0
676.182464028,15824,0.0
676.185599049,15680,-0.002
676.188725052,15520,0.0
676.191856592,15360,0.0
676.194976039,15216,0.0
676.198078041,15072,0.002
676.201185933,14944,0.0
676.204305639,14800,0.0
676.20752379,14640,0.002
676.210622996,14480,0.0
676.213732425,14336,0.0
676.216824094,14176,0.002
676.219939116,14032,0.002
676.223062192,13872,0.0
676.22618275,13712,0.002
676.229318086,13568,-0.002
676.232456034,13424,0.002
676.240174133,13072,0.0
676.246215527,12800,-0.002
676.250134475,12624,0.002
676.253253162,12480,0.0
676.25637061,12352,0.0
676.259467668,12192,0.0
676.262574504,12064,0.002
676.265676136,11936,0.0
676.268791102,11808,0.0
676.27190766,11664,0.002
676.275032922,11536,0.0
676.27815748,11408,0.0
676.281332335,11280,0.002
676.284453689,11152,0.0
676.287700359,11024,0.0
676.290831546,10896,0.0
676.293952679,10768,0.004
676.297099774,10640,0.0
676.300214962,10512,0.0
676.303338816,10400,0.0
676.306468763,10288,0.002
676.309589266,10160,0.002
676.312721306,10048,0.0
676.315865234,9920,0.0
676.31901033,9808,0.0
676.322144499,9696,0.0
676.325424928,9584,0.0
676.328567727,9440,0.002
676.331681489,9328,0.002
676.334836602,9216,0.0
676.341104349,8976,-0.002
676.347221057,8752,0.0
676.351075894,8608,0.0
676.354203212,8496,0.0
676.357324751,8384,0.002
676.360441495,8272,-0.002
676.36356122,8144,0.0
676.366678352,8032,0.0
676.369936206,7920,0.002
676.373074672,7808,-0.002
676.37620949,7680,0.0
676.379338881,7568,0.0
676.382490828,7472,0.004
676.385626961,7328,0.0
676.3887795,7216,0.0
676.391916355,7072,0.002
676.395062746,6928,0.0
676.398198323,6784,0.002
676.401317326,6656,0.0
676.40455431,6512,0.0
676.407704998,6384,0.0
676.410850038,6224,0.002
676.41397354,6080,0.0
676.417123376,5936,0.0
676.420260175,5776,0.0
676.423400308,5616,0.002
676.426522421,5472,0.002
676.429648924,5312,0.0
676.432817297,5152,0.002
676.441147601,4688,0.0
676.44722218,4368,0.0
676.451200054,4160,0.0
676.454353927,3984,0.002
676.457487226,3840,0.002
676.460622784,3680,0.0
676.463783601,3504,0.002
676.4669449,3344,0.002
676.470079273,3200,0.002
676.473213443,3072,0.0
676.476354686,2928,0.0
676.479550096,2816,0.002
676.482679692,2720,0.0
676.485816472,2576,-0.002
676.489056993,2464,0.002
676.49217407,2352,0.0
676.495304499,2208,-0.002
676.498452464,2080,0.0
676.501597856,1952,-0.002
676.50473071,1792,0.002
676.507861083,1648,0.0
676.511008234,1504,0.0
676.514128644,1424,0.0
676.517256684,1360,0.0
676.520375261,1312,0.0
676.523622634,1296,0.0
676.526770155,1264,0.0
676.529903306,1264,0.0
676.533054586,1216,0.0
676.541115704,1216,0.002
676.547283987,1216,0.002
676.551100657,1200,0.0
676.554241975,1200,0.0
676.557395718,1200,0.0
676.560520573,1216,0.0
676.563630835,1200,0.0
676.566775763,1200,0.0
676.570026062,1216,0.0
676.573157158,1200,0.002
676.576282179,1200,0.0
676.579474552,1200,0.0
676.582612388,1200,0.002
676.58574402,1200,0.002
676.588871764,1216,0.0
676.591998989,1216,0.0
676.595144454,1200,0.004
676.598401216,1200,0.002
676.601524126,1200,0.0
676.60464137,1216,0.002
676.607893335,1232,0.0
676.610992579,1200,-0.002
676.614114322,1200,0.0
676.617226769,1216,0.002
676.620369957,1216,0.0
676.623495441,1200,0.0
676.626635814,1200,0.002
676.629787317,1200,-0.002
676.632975487,1200,-0.002
676.641232623,1200,0.0
676.648066444,1200,0.002
676.651768984,1200,0.0
676.655021005,1216,0.002
676.658163712,1200,0.0
676.661299363,1232,0.0
676.664446143,1248,0.0
676.667573164,1232,-0.002
676.670706741,1248,0.0
676.673836225,1248,-0.002
676.676951857,1264,0.0
676.680140823,1280,0.002
676.683281585,1312,0.002
676.68641468,1328,0.002
676.689660183,1344,0.0
676.692775704,1392,0.0
676.695906133,1424,0.002
676.699030173,1472,0.0
676.702141157,1552,0.004
676.705279567,1600,0.0
676.708413773,1648,0.0
676.711556461,1760,0.0
676.714704612,1856,0.002
676.717863929,1968,0.0
676.72101208,2048,0.0
676.724137712,2160,0.002
676.727397752,2256,0.002
676.730555644,2368,0.002
676.733699591,2464,0.0
676.741186468,2752,-0.002
676.748091233,3056,0.0
676.751815755,3232,0.0
676.754923998,3376,0.0
676.758056667,3536,0.002
676.761182744,3680,0.0
676.764298932,3840,0.0
676.767437749,4000,-0.002
676.770565622,4160,-0.002
676.773808051,4320,0.0
676.776962498,4480,0.0
676.780128686,4656,0.0
676.78324993,4800,0.002
676.786356914,4960,0.0
676.789478768,5136,0.002
676.792610382,5280,0.0
676.795724959,5456,0.0
676.798835295,5600,0.0
676.801947353,5744,0.0
676.805067985,5920,0.002
676.80830271,6080,0.0
676.811428287,6224,0.0
676.81453166,6384,0.002
676.817639163,6544,0.0
676.820748925,6704,0.002
676.823858298,6848,0.0
676.826956597,6992,0.002
676.830070451,7136,0.0
676.833189935,7280,-0.002
676.836297216,7440,0.0
676.845168353,7792,0.0
676.851236914,8064,0.0
676.855184824,8240,0.002
676.858298068,8368,0.0
676.861421996,8496,0.0
676.864530332,8640,0.0
676.867630502,8752,0.0
676.870749264,8880,0.0
676.873861044,8992,0.0
676.87696851,9104,0.0
676.880078716,9216,0.002
676.883194163,9328,0.0
676.88633011,9440,0.0
676.889466168,9568,0.0
676.892698282,9664,0.0
676.895817229,9760,-0.002
676.898928436,9888,0.002
676.90203579,9968,0.0
676.90513196,10080,0.0
676.908239277,10176,0.002
676.911377613,10272,0.004
676.914504393,10384,0.0
676.917640192,10480,-0.002
676.920747565,10592,0.0
676.923869031,10672,0.002
676.926975737,10784,0.002
676.930238388,10896,0.0
676.933391076,11008,0.0
676.942122343,11296,0.0
676.948148441,11504,0.0
676.952129685,11632,0.0
676.955258706,11744,0.0
676.958384486,11872,0.0
676.961488804,11984,0.0
676.964597788,12080,0.0
676.967717161,12192,0.0
676.970850553,12336,0.0
676.974103333,12416,0.0
676.97720578,12544,0.0
676.980329542,12672,0.0
676.983446286,12784,0.002
676.986547973,12896,0.0
676.989658458,13008,0.0
676.992771664,13136,0.002
676.995880111,13232,0.0
676.998996021,13360,0.0
677.002097894,13472,0.0
677.005202267,13600,0.004
677.008338992,13712,0.0
677.011587143,13824,0.0
677.01470096,13936,0.0
677.017830796,14064,0.002
677.020962021,14192,0.0
677.024080172,14304,0.0
677.027216879,14416,0.0
677.030337881,14528,0.0
677.033467717,14672,0.0
677.042224669,15040,0.002
677.049104434,15328,0.0
677.052793493,15488,0.0
677.055943162,15632,-0.002
677.059206461,15792,0.0
677.062370834,15920,0.0
677.065502856,16080,0.0
677.068656395,16208,0.0
677.071786028,16352,0.0
677.074929864,16512,-0.002
677.078067422,16640,-0.002
677.081250814,16800,0.0
677.084364131,16944,0.0
677.087480689,17088,0.0
677.090612655,17216,0.0
677.093748324,17344,0.002
677.097045438,17472,0.0
677.100211515,17616,0.0
677.103308369,17744,0.0
677.106399872,17840,0.0
677.10954243,17968,0.002
677.11265434,18064,0.004
677.115747547,18160,0.0
677.118871975,18256,0.002
677.121981496,18368,0.002
677.125130129,18480,0.0
677.128278965,18576,0.0
677.131416819,18656,0.0
677.134576229,18768,0.002
677.141226217,18928,0.0
677.147267851,19072,0.0
677.151123614,19184,0.0
677.154263191,19264,0.0
677.157383934,19328,-0.002
677.160489863,19408,0.002
677.163642273,19488,0.002
677.166792016,19568,0.002
677.169915167,19648,0.0
677.173063244,19728,0.0
677.176319876,19776,-0.002
677.179550323,19888,0.002
677.182698048,19952,0.0
677.185840458,20016,0.0
677.188987831,20112,0.002
677.192155834,20176,-0.002
677.195308041,20288,0.0
677.198468284,20384,0.002
677.20161012,20464,0.0
677.204755067,20544,0.002
677.207858144,20656,0.0
677.211013906,20736,0.0
677.214276334,20832,0.0
677.21744093,20944,0.002
677.220601766,21024,0.0
677.223752806,21120,-0.002
677.226902993,21216,0.0
677.230072755,21312,0.002
677.23325524,21424,0.0
677.242261469,21712,0.002
677.248334512,21856,0.0
677.252161163,21952,0.002
677.255306407,22016,0.002
677.258472446,22080,0.0
677.261744634,22144,0.0
677.264902211,22192,0.0
677.268051084,22224,0.002
677.271211642,22272,0.002
677.274384071,22288,0.002
677.277526759,22320,0.0
677.280671132,22352,0.0
677.283828542,22368,0.0
677.287001748,22368,0.002
677.290158029,22384,0.0
677.293342754,22400,0.0
677.296463849,22400,0.002
677.299609241,22400,0.0
677.302759095,22400,0.004
677.305925931,22416,0.0
677.309068564,22416,-0.002
677.312212122,22432,0.002
677.315380273,22432,0.0
677.318538998,22432,0.0
677.321693741,22448,0.0
677.324849447,22448,-0.002
677.328012024,22448,0.002
677.331173471,22448,-0.002
677.334419141,22448,0.0
677.341250961,22448,0.0
677.347312596,22448,-0.002
677.351145229,22448,-0.002
677.354305861,22448,0.0
677.357458068,22448,0.002
677.360616052,22448,0.0
677.363781536,22464,0.0
677.366941243,22448,0.002
677.37009469,22448,0.002
677.373244266,22448,0.0
677.376411991,22448,0.002
677.379702309,22464,0.0
677.382821441,22464,0.002
677.385948703,22448,0.002
677.389083465,22464,0.0
677.392224912,22464,0.0
677.395376008,22448,0.002
677.398500399,22448,0.002
677.401651457,22448,0.002
677.404806442,22448,0.002
677.407965,22432,0.002
677.411108317,22416,0.002
677.414231894,22416,0.0
677.417476841,22400,0.0
677.420588048,22384,0.002
677.423735013,22368,0.0
677.42686522,22336,0.0
677.43000063,22304,0.0
677.433188355,22256,0.0
677.441248787,22096,0.0
677.44727533,21936,0.0
677.451210314,21824,0.002
677.454379521,21712,0.0
677.457558875,21568,0.0
677.4608106,21408,0.0
677.463962566,21248,0.002
677.467075291,21088,0.0
677.47021796,20928,0.0
677.473368222,20768,0.0
677.47650804,20592,-0.002
677.479645098,20448,0.0
677.482808712,20304,0.002
677.485971511,20160,0.002
677.489130828,20000,0.002
677.492283961,19856,0.0
677.495417426,19712,0.002
677.498657744,19584,0.002
677.501774561,19424,0.0
677.504879453,19296,0.002
677.507998622,19168,0.0
677.511124199,19024,0.0
677.514254331,18880,0.0
677.517381334,18752,0.002
677.520489837,18592,0.0
677.523602302,18448,0.002
677.526739712,18272,0.002
677.529856585,18112,0.004
677.532957532,17952,0.0
677.541296002,17504,0.002
677.547211563,17120,0.0
677.55111427,16880,0.0
677.554226328,16688,0.0
677.557363812,16480,0.0
677.56048813,16256,0.0
677.563612688,16064,0.0
677.566734358,15888,0.002
677.569870397,15680,0.0
677.572984881,15488,-0.002
677.576102365,15264,0.002
677.579340165,15072,0.0
677.582500223,14880,0.0
677.585619503,14688,0.0
677.588762617,14480,0.002
677.59190436,14304,0.0
677.595034696,14112,0.0
677.598248384,13920,0.0
677.601399035,13728,0.0
677.604477149,13552,-0.002
677.607600411,13376,0.002
677.610744228,13216,0.002
677.613883231,13040,0.002
677.617134456,12880,0.0
677.620232366,12736,0.0
677.623343702,12592,0.0
677.626457483,12432,0.0
677.629586596,12304,0.002
677.632717599,12160,0.0
677.635880824,12016,0.002
677.642150385,11744,0.0
677.64820152,11504,0.0
677.651911115,11328,0.0
677.65502634,11216,0.0
677.658135658,11088,0.0
677.661380883,10960,0.0
677.664502182,10832,0.0
677.66761974,10704,0.002
677.670746483,10576,0.0
677.673871338,10448,0.0
677.676997452,10320,0.0
677.680115602,10192,0.002
677.683250938,10080,-0.002
677.686400256,9968,0.0
677.689541129,9856,0.002
677.69267865,9728,0.0
677.695827338,9616,0.002
677.699092785,9504,0.0
677.702224899,9376,-0.002
677.705357291,9280,0.0
677.70850446,9168,0.002
677.711613166,9056,0.0
677.714744076,8944,0.002
677.717868801,8832,0.0
677.720990341,8720,0.0
677.724129584,8608,0.002
677.727203069,8512,0.0
677.73032309,8384,0.002
677.733616278,8288,-0.002
677.741241932,8000,0.002
677.747280863,7792,0.002
677.751147922,7664,0.002
677.754285814,7552,0.0
677.757431909,7424,0.0
677.760547727,7312,0.0
677.763652933,7184,0.0
677.76676275,7056,0.0
677.769901994,6928,0.0
677.773053422,6816,0.002
677.776198073,6672,0.002
677.779339076,6528,0.0
677.782524616,6400,0.0
677.785660192,6272,0.0
677.788780491,6128,0.0
677.79193905,6000,0.0
677.795075756,5856,0.0
677.798243111,5728,0.0
677.801397502,5600,0.0
677.804521338,5472,0.0
677.807625508,5344,0.002
677.810749973,5200,0.0
677.813878031,5072,0.0
677.817131386,4944,-0.002
677.820280907,4800,0.0
677.82341191,4688,0.0
677.826534727,4560,0.0
677.829624952,4432,0.0
677.832746973,4304,0.0
677.841209055,3968,0.0
677.84727469,3744,0.0
677.851088674,3600,0.0
677.854200751,3488,0.0
677.857333235,3408,0.0
677.860425108,3312,-0.002
677.86362887,3248,-0.002
677.866703151,3168,0.0
677.869779875,3104,0.0
677.872876304,3072,0.002
677.875969066,3024,-0.002
677.87906405,2992,0.002
677.882172275,2992,-0.002
677.885277296,2960,0.0
677.888377595,2960,0.0
677.891475542,2944,0.0
677.894582545,2944,0.0
677.897797881,2928,0.002
677.90091318,2928,0.002
677.904010849,2944,0.002
677.907100389,2928,0.0
677.910192651,2928,0.002
677.913298227,2928,-0.002
677.916417674,2928,0.0
677.919515899,2928,0.0
677.922640402,2928,0.002
677.925739756,2928,0.0
677.928838907,2928,0.0
677.931952373,2912,0.0
677.941312085,2928,0.002
677.947298793,2944,0.002
677.951094945,2928,-0.002
677.954222373,2928,0.0
677.957327524,2944,0.002
677.960418379,2944,0.0
677.96351377,2928,0.002
677.96659831,2944,0.0
677.969705775,2928,0.0
677.972804778,2928,0.002
677.975915929,2944,0.0
677.979016895,2928,0.002
677.982306749,2944,0.002
677.985436141,2944,0.002
677.988537736,2912,0.002
677.991639368,2944,0.002
677.994748667,2928,0.002
677.997860892,2944,0.002
678.000956173,2928,0.0
678.00405512,2944,0.0
678.007155122,2928,0.0
678.01025618,2944,-0.002
678.013367572,2928,0.0
678.01658713,2944,0.002
678.019690596,2928,0.0
678.022781691,2928,0.0
678.025883805,2944,0.0
678.029002141,2928,0.0
678.032133199,2928,0.0
678.041215966,2928,0.0
678.047289657,2944,0.0
678.051145956,2928,0.002
678.054278292,2928,-0.002
678.057398758,2928,0.0
678.060524149,2928,0.0
678.063736337,2944,0.0
678.066838821,2960,0.002
678.069930898,2960,0.002
678.073059012,3008,-0.002
678.076167144,3040,0.002
678.079275999,3104,0.002
678.082385446,3184,0.0
678.085513448,3264,0.0
678.088637655,3360,-0.002
678.091749398,3472,-0.002
678.09488503,3616,0.0
678.098055181,3728,0.002
678.10140924,3856,0.002
678.104554224,4000,0.002
678.107684597,4144,0.002
678.110827007,4272,-0.002
678.113949473,4448,-0.002
678.117081161,4608,0.002
678.120223052,4784,0.0
678.123306036,4960,0.002
678.126410761,5136,0.002
678.12948806,5312,0.0
678.132594822,5472,0.0
678.141251977,5968,0.0
678.147446094,6320,0.0
678.151174171,6544,0.0
678.154288766,6704,0.0
678.157374287,6880,0.0
678.160469864,7056,0.002
678.163577552,7232,0.0
678.166686666,7392,0.0
678.16977215,7552,0.0
678.172855578,7696,0.0
678.175948118,7856,-0.002
678.179059899,8000,0.002
678.182360087,8144,0.002
678.185449052,8320,0.0
678.188547814,8448,0.0
678.191656632,8592,0.0
678.194763856,8736,0.002
678.197888915,8880,-0.002
678.200986677,9008,0.0
678.204074198,9152,0.0
678.207175756,9280,0.002
678.210274814,9424,0.0
678.21337528,9552,0.002
678.216491134,9664,0.004
678.219722544,9792,0.0
678.222824566,9952,0.0
678.225928235,10064,0.0
678.229032904,10192,0.0
678.232143907,10304,0.0
678.241218211,10672,-0.002
678.247342661,10928,0.002
678.251119201,11072,0.0
678.254233185,11216,0.0
678.257350836,11328,0.0
678.26044982,11456,0.0
678.263551267,11568,0.0
678.266774603,11696,0.0
678.269885865,11824,0.002
678.272988275,11968,0.0
678.276101926,12096,0.0
678.27920128,12192,0.0
678.28237482,12320,0.002
678.285473138,12464,0.0
678.288564751,12592,0.0
678.291666772,12736,0.0
678.294783164,12864,0.0
678.297890333,12992,0.0
678.300999799,13136,0.002
678.304219691,13280,0.002
678.307348582,13440,-0.002
678.31046277,13568,0.0
678.313575587,13712,0.002
678.316674423,13872,0.0
678.319779445,14032,0.0
678.322872595,14176,0.0
678.325970265,14336,0.0
678.329073138,14512,0.002
678.332210566,14672,0.004
678.34123787,15136,0.0
678.347448116,15440,0.0
678.35120362,15648,0.0
678.354302641,15808,0.002
678.357405273,15984,0.0
678.360507961,16128,0.0
678.363609945,16272,0.0
678.366706744,16432,0.0
678.369802654,16576,0.0
678.372887045,16736,0.0
678.3760184,16880,0.002
678.379113643,17040,0.002
678.38230485,17184,0.002
678.385544575,17328,0.0
678.388667652,17472,0.002
678.391787969,17616,0.002
678.394924527,17760,0.002
678.398042345,17888,0.0
678.40116244,18016,0.002
678.404280832,18144,0.0
678.40738339,18272,0.002
678.410495541,18416,-0.002
678.413626358,18528,0.0
678.41674999,18672,0.0
678.419868049,18784,0.0
678.423102199,18896,0.002
678.426214276,19024,0.0
678.429330168,19152,0.0
678.432476707,19248,0.0
678.441283159,19600,0.0
678.447340591,19808,0.002
678.451126834,19952,0.002
678.454250578,20080,0.0
678.457357858,20176,0.0
678.46049062,20288,0.0
678.463607067,20416,0.0
678.466852181,20544,0.0
678.469977258,20656,0.002
678.473088612,20800,0.0
678.476202097,20928,0.002
678.47932347,21056,0.002
678.482434343,21216,-0.002
678.485561994,21344,0.002
678.488666922,21488,-0.002
678.491784758,21632,0.0
678.494896261,21792,-0.002
678.498015004,21936,0.0
678.501150081,22080,0.0
678.504402084,22208,0.002
678.507512697,22368,0.0
678.510627311,22496,0.002
678.51373461,22656,0.0
678.516850391,22784,0.0
678.519983875,22944,0.002
678.523104451,23104,0.0
678.526229102,23232,0.0
678.529345679,23376,0.002
678.53247633,23520,0.0
678.535610407,23664,0.0
678.541331134,24000,0.002
678.548334362,24352,0.0
678.551997902,24576,0.0
678.555095738,24768,0.0
678.558201815,24928,0.0
678.561323521,25104,0.002
678.564437172,25280,0.002
678.567559675,25440,0.002
678.570676307,25584,0.0
678.573781587,25744,0.002
678.576890775,25888,0.0
678.579996815,26016,0.002
678.583218577,26144,0.0
678.586448394,26256,0.002
678.589561212,26336,0.0
678.592673307,26384,0.0
678.595767865,26368,0.0
678.598904516,26384,0.002
678.602080667,26368,0.0
678.605208114,26384,0.0
678.608343783,26368,0.0
678.61147449,26384,0.0
678.614596048,26384,-0.002
678.617719866,26384,0.0
678.620967702,26384,0.0
678.624124334,26384,0.002
678.627214485,26384,-0.002
678.63036758,26384,0.0
678.633535379,26384,0.002
678.642324127,26384,0.0
678.649231504,26384,0.0
678.65295647,26384,0.002
678.656071232,26384,0.0
678.659255475,26368,0.0
678.662431311,26400,0.0
678.665580758,26368,0.002
678.668860761,26384,0.0
678.672015819,26368,0.0
678.675179007,26384,0.0
678.678317491,26384,0.0
678.68146255,26384,0.0
678.684563626,26384,0.0
678.687671944,26368,0.002
678.69078415,26384,-0.002
678.693912819,26384,0.002
678.697027618,26384,0.0
678.700159528,26384,-0.002
678.703272235,26368,0.0
678.706501275,26320,0.002
678.709601962,26240,0.0
678.712699354,26128,0.002
678.71579806,26000,0.0
678.718907933,25840,0.0
678.722011992,25664,0.0
678.725106716,25504,0.0
678.728212664,25296,0.0
678.731324907,25104,0.002
678.734463706,24880,0.0
678.742269509,24304,0.002
678.748478885,23856,0.0
678.752291017,23584,0.0
678.75540639,23344,0.0
678.758507634,23152,0.0
678.761619229,22960,0.0
678.764716176,22736,0.0
678.767822475,22544,0.0
678.770935922,22320,0.0
678.77403961,22112,0.004
678.777153298,21920,0.0
678.78025193,21712,0.0
678.783403525,21488,0.0
678.786642491,21280,0.0
678.789768253,21040,0.0
678.792886793,20816,0.002
678.795989055,20608,0.002
678.799123743,20432,0.0
678.802231079,20240,0.0
678.805343396,20080,-0.002
678.808471621,19904,0.0
678.811571809,19728,0.002
678.814684719,19584,0.0
678.817779018,19424,0.0
678.82086252,19280,-0.002
678.824111782,19136,-0.002
678.827199674,18992,0.002
678.830277862,18832,0.0
678.833382142,18704,-0.002
678.842205483,18272,0.0
678.848336766,17984,0.0
678.852218066,17808,0.0
678.855313124,17632,0.0
678.858406552,17472,0.0
678.861498648,17312,0.002
678.864592817,17152,0.0
678.867684671,16992,-0.002
678.870912341,16832,0.002
678.874001362,16640,0.0
678.877103402,16464,0.002
678.880204941,16288,0.002
678.883407815,16128,0.0
678.88653091,15968,0.0
678.889650116,15792,0.0
678.892768378,15616,0.0
678.895884066,15424,-0.002
678.899010994,15264,0.0
678.902111886,15072,0.0
678.905352222,14912,-0.002
678.908461132,14720,0.0
678.911557413,14528,0.0
678.914664989,14352,0.0
678.917766288,14176,-0.002
678.920879384,14000,0.0
678.923998423,13824,0.0
678.927121352,13648,0.0
678.930240225,13488,0.002
678.933370079,13312,0.0
678.942285383,12864,0.002
678.94833687,12576,0.0
678.952295077,12368,0.0
678.95541032,12224,0.0
678.958530323,12080,0.0
678.961673733,11936,0.0
678.964800051,11760,0.0
678.967913683,11632,0.002
678.971034074,11488,0.0
678.974147614,11360,-0.002
678.977302691,11216,0.0
678.980424286,11088,0.0
678.983529993,10944,0.002
678.986630921,10816,0.0
678.989845942,10688,0.0
678.992960501,10544,0.0
678.996060985,10416,0.002
678.999155784,10304,0.0
679.002271268,10176,0.002
679.005385437,10064,-0.002
679.008489181,9936,0.0
679.011601517,9808,0.0
679.014696945,9680,0.0
679.017812281,9568,-0.002
679.020951413,9440,0.002
679.02404762,9312,0.0
679.027272419,9184,0.0
679.030376847,9056,0.002
679.033490072,8912,0.002
679.042265117,8544,0.0
679.0483384,8288,0.0
679.052175162,8112,0.002
679.05528348,7968,0.002
679.058408334,7824,0.0
679.061521578,7680,0.0
679.064645191,7536,0.0
679.067760601,7392,0.0
679.070989882,7248,0.002
679.074114366,7088,0.002
679.07723111,6928,0.0
679.080345649,6768,0.0
679.083487485,6608,0.002
679.086619766,6464,0.0
679.089748472,6288,0.002
679.092885067,6144,-0.002
679.095996163,5968,0.0
679.099168573,5808,0.002
679.102411094,5616,0.0
679.105573226,5472,0.0
679.108835174,5296,0.0
679.11202288,5120,0.0
679.115154716,4960,0.0
679.118297293,4800,0.0
679.121411962,4640,0.0
679.124516761,4480,0.002
679.127625153,4320,0.0
679.130738989,4176,0.002
679.133889621,4016,0.0
679.141269775,3712,0.0
679.147349947,3424,0.0
679.151174025,3264,0.002
679.154422879,3152,0.0
679.157551197,3040,0.0
679.160642588,2960,0.0
679.16372872,2848,0.002
679.166822316,2752,-0.002
679.169934207,2656,0.002
679.173030543,2560,0.0
679.176132805,2464,0.0
679.179241604,2384,-0.002
679.18237231,2304,0.002
679.185494998,2256,0.0
679.18870576,2176,0.0
679.191805967,2096,-0.002
679.194914488,2048,0.002
679.198032472,1968,0.0
679.201125308,1904,0.0
679.204228311,1856,-0.002
679.207328924,1792,0.0
679.210425001,1728,0.0
679.213533467,1680,-0.002
679.216679784,1632,0.0
679.219772009,1568,0.0
679.222871771,1520,-0.002
679.226122477,1472,0.002
679.22921535,1440,0.0
679.232347575,1408,0.0
679.241213768,1344,0.002
679.24731907,1280,0.0
679.251147962,1296,0.002
679.254240872,1280,0.002
679.257348652,1280,0.0
679.26045984,1280,0.002
679.263554695,1264,0.0
679.266651456,1280,0.0
679.269738292,1280,0.0
679.272968184,1280,0.0
679.276077335,1264,0.0
679.279188708,1264,0.0
679.282348173,1264,0.0
679.285475806,1280,0.0
679.288589623,1264,0.0
679.291679756,1264,0.0
679.294783166,1264,0.002
679.297882113,1280,0.0
679.30098106,1280,0.002
679.304089562,1264,0.0
679.307192584,1264,-0.002
679.310414012,1264,0.002
679.313496607,1264,0.0
679.316582184,1264,0.0
679.319678539,1280,0.0
679.322786319,1280,0.0
679.325892174,1280,0.002
679.328991398,1264,0.0
679.332135272,1264,-0.002
679.341240057,1280,0.002
679.347284525,1264,0.0
679.351198769,1264,0.0
679.354469291,1280,0.002
679.357562423,1280,0.0
679.360659796,1248,0.0
679.363746817,1264,0.0
679.366844857,1264,-0.002
679.369938748,1280,0.0
679.373025269,1280,0.0
679.376121791,1280,0.002
679.379233775,1264,0.0
679.3823365,1280,0.0
679.385418021,1280,0.0
679.388512412,1264,0.0
679.391733785,1264,0.002
679.39483264,1264,0.0
679.397910809,1280,0.002
679.401010145,1280,0.0
679.404110018,1296,0.0
679.407201336,1312,0.0
679.410325746,1328,0.0
679.413438822,1360,0.002
679.416536399,1408,0.002
679.419625939,1456,0.002
679.422719071,1552,0.0
679.425821203,1616,0.0
679.429017762,1744,0.002
679.432119579,1856,0.0
679.441291865,2208,0.0
679.448216926,2512,0.0
679.451866781,2720,0.0
679.454959765,2896,0.002
679.458051842,3072,0.0
679.461139252,3248,0.0
679.464229255,3424,0.002
679.467316905,3616,0.002
679.470419871,3824,0.0
679.473622652,4048,0.0
679.47671871,4256,0.002
679.479840824,4448,-0.002
679.483054234,4704,0.0
679.486184292,4912,0.0
679.489302683,5152,0.0
679.492425927,5360,0.0
679.495551818,5568,0.0
679.498681895,5808,0.0
679.501818157,6032,0.0
679.504936438,6256,0.002
679.50804657,6496,0.002
679.511294591,6704,0.002
679.514424335,6960,-0.002
679.517590615,7168,0.0
679.520728062,7392,0.0
679.52385525,7616,0.0
679.526974679,7824,0.0
679.530102255,8048,0.0
679.533236443,8256,0.002
679.541287043,8800,0.0
679.547340103,9200,0.0
679.551243922,9440,0.0
679.554362683,9648,0.0
679.55761326,9840,0.002
679.560741411,10016,0.0
679.563876136,10192,0.002
679.567016676,10368,0.002
679.570136123,10560,0.002
679.573247385,10720,0.0
679.576378073,10896,0.0
679.579495242,11056,0.0
679.582628226,11232,0.0
679.585770618,11392,0.002
679.588882398,11568,0.0
679.591997216,11744,0.002
679.595234626,11888,0.0
679.598367702,12064,0.002
679.601605446,12224,0.0
679.604730023,12384,0.0
679.607882451,12560,0.0
679.611041565,12736,0.0
679.614179346,12912,0.002
679.617317811,13072,-0.002
679.62044624,13248,0.002
679.623589224,13440,0.0
679.626713227,13600,0.0
679.629959766,13792,0.0
679.633100602,13968,0.002
679.641233924,14464,0.0
679.647364374,14832,0.002
679.651179655,15072,0.002
679.654305898,15264,0.002
679.657439512,15456,0.0
679.660558607,15648,0.0
679.66368824,15840,0.0
679.666818483,16032,-0.002
679.66994556,16208,0.0
679.673062933,16384,0.0
679.676336491,16560,0.0
679.679435549,16752,0.0
679.682548793,16944,0.0
679.685659258,17120,0.002
679.68875902,17280,-0.002
679.691886653,17456,0.002
679.695014396,17632,0.0
679.698138825,17792,0.0
679.701272957,17968,0.002
679.704400848,18128,0.002
679.707518999,18272,0.0
679.710623465,18448,-0.002
679.713752782,18592,0.0
679.716857378,18752,0.002
679.71996464,18880,0.0
679.723089401,19024,0.002
679.726228126,19152,0.002
679.729355203,19264,0.002
679.732542798,19408,0.0
679.74029099,19680,0.002
679.746285032,19888,0.0
679.750218351,20000,0.0
679.75334039,20112,-0.002
679.756453634,20224,0.0
679.759698396,20336,0.002
679.762801676,20432,0.002
679.765924179,20544,0.002
679.769033052,20672,0.0
679.772174758,20768,0.0
679.775260298,20896,0.0
679.77836943,21008,0.0
679.781461229,21152,0.0
679.784590954,21280,0.0
679.787705438,21424,0.0
679.790817126,21552,0.0
679.794052092,21712,-0.002
679.79717865,21856,0.002
679.80028306,22016,0.002
679.803448618,22144,0.002
679.806569047,22288,0.002
679.809655475,22448,0.0
679.812758108,22576,0.0
679.815850758,22752,0.0
679.818967057,22896,0.0
679.822045004,23056,0.0
679.825116544,23184,0.0
679.828199732,23344,0.0
679.831434346,23504,0.0
679.834536756,23680,0.0
679.841295262,24032,0.0
679.847374674,24368,0.0
679.851199511,24608,0.0
679.854295939,24784,0.0
679.857391683,24960,0.0
679.860493963,25136,0.0
679.86357504,25296,0.0
679.866679728,25456,0.002
679.869792101,25600,0.002
679.872875455,25744,0.0
679.876095532,25872,0.0
679.879175275,26016,0.0
679.882279,26144,0.0
679.885403596,26240,0.0
679.888511783,26336,0.002
679.891602916,26368,-0.002
679.894692863,26384,-0.002
679.897789477,26384,0.0
679.900896627,26368,0.0
679.90399526,26384,0.002
679.907097633,26384,0.0
679.91020645,26384,0.0
679.913418842,26384,0.0
679.916519678,26384,0.002
679.919626088,26368,0.0
679.922739924,26384,0.0
679.925864075,26384,0.002
679.928993392,26384,0.0
679.932140247,26384,0.002
679.941264995,26368,0.002
679.947281,26368,0.002
679.951178596,26368,-0.002
679.954272821,26368,0.0
679.957519065,26384,0.0
679.960633141,26368,0.0
679.963723811,26384,0.002
679.966823739,26368,0.0
679.969917131,26384,0.002
679.973014596,26368,0.0
679.976113654,26368,0.0
679.979208527,26368,0.002
679.982359771,26384,0.0
679.985461625,26384,0.0
679.98856111,26384,0.0
679.991678205,26384,0.0
679.994925671,26368,0.0
679.998071673,26384,0.0
680.001197861,26368,0.002
680.004293919,26320,0.002
680.007374552,26240,-0.002
680.010488888,26128,-0.002
680.013596649,26032,0.002
680.016703948,25872,0.002
680.019791766,25712,0.0
680.022897843,25536,0.0
680.025992271,25344,0.0
680.029090126,25120,0.0
680.032356591,24912,0.0
680.041287247,24176,0.0
680.047325586,23712,0.002
680.051230182,23408,0.002
680.054354388,23184,-0.002
680.057449094,22976,0.0
680.060558727,22768,0.0
680.0636861,22544,0.0
680.066806473,22336,0.0
680.069922105,22128,0.0
680.073036867,21936,0.002
680.076265055,21744,0.002
680.079372391,21536,0.002
680.08248706,21312,0.0
680.085574896,21120,0.0
680.088667713,20928,0.0
680.091760253,20736,0.0
680.094861626,20544,0.0
680.097965055,20368,0.0
680.101174372,20208,0.0
680.104371319,20048,0.002
680.107516859,19888,0.002
680.110674288,19744,0.002
680.113959124,19584,0.0
680.117101275,19424,0.002
680.120220574,19280,0.002
680.123334299,19136,0.002
680.126479931,18992,0.0
680.129576711,18832,0.002
680.132675751,18688,0.0
680.14127811,18288,0.0
680.147353264,18000,0.0
680.151208211,17824,0.0
680.154300825,17664,0.0
680.15744155,17520,0.002
680.160737294,17376,0.002
680.163850352,17200,0.002
680.166978928,17072,0.0
680.170068246,16912,0.0
680.173171415,16752,-0.002
680.176253807,16592,0.002
680.179346235,16432,0.002
680.182444275,16288,0.0
680.185538537,16128,0.0
680.188641484,15968,0.0
680.191787301,15808,0.0
680.194863563,15648,0.002
680.198083455,15456,0.0
680.201171587,15296,0.0
680.204283757,15136,0.0
680.207368889,14960,0.0
680.210464466,14800,0.002
680.21356082,14624,0.002
680.216651026,14464,0.0
680.219752659,14288,0.002
680.222835865,14112,0.0
680.22592896,13952,0.0
680.229023426,13776,0.0
680.23224841,13616,0.0
680.241319825,13120,0.0
680.247378238,12800,0.0
680.2511855,12608,0.0
680.254287836,12448,0.0
680.257393913,12288,0.0
680.260539897,12128,0.002
680.263668937,11984,0.0
680.266762662,11840,-0.002
680.269848072,11680,0.0
680.272946908,11552,0.0
680.276036947,11392,0.0
680.279263006,11264,0.0
680.28238949,11136,0.002
680.285486678,11008,0.0
680.288589606,10896,0.002
680.291679627,10752,0.0
680.294768297,10624,0.0
680.297848985,10496,0.002
680.300932617,10400,0.0
680.304026971,10288,0.0
680.307119881,10144,0.0
680.310200569,10032,0.0
680.313310257,9920,0.0
680.316530926,9792,0.0
680.319672522,9648,0.002
680.32275445,9536,0.002
680.325844842,9408,0.002
680.328947752,9296,0.002
680.332051884,9168,-0.002
680.341291244,8784,0.0
680.348250194,8496,0.002
680.351941179,8352,-0.002
680.355047311,8224,0.0
680.358143869,8096,0.0
680.361269705,7968,0.0
680.364491264,7824,0.0
680.367584303,7696,-0.002
680.370675343,7568,0.0
680.373754438,7424,0.0
680.376849237,7296,0.0
680.379937407,7152,0.002
680.383052909,7008,0.002
680.386150134,6864,0.0
680.389274618,6736,0.002
680.39237538,6576,0.0
680.395462864,6416,-0.002
680.398679237,6272,0.0
680.401773166,6112,0.0
680.404875317,5968,0.002
680.407966986,5792,0.0
680.411090803,5664,0.0
680.414192862,5504,0.002
680.417301994,5344,0.002
680.420398237,5184,0.002
680.423482055,5024,0.0
680.426568946,4880,0.0
680.429646023,4736,0.002
680.432737044,4592,0.0
680.435955121,4432,0.0
680.442289182,4096,0.0
680.44841528,3824,0.0
680.452238061,3648,0.002
680.455335786,3488,0.0
680.458429399,3344,0.0
680.461529754,3200,0.0
680.464622608,3040,-0.002
680.467704259,2912,0.0
680.470788799,2784,0.0
680.473876635,2656,-0.002
680.476969397,2528,0.0
680.480170714,2384,0.002
680.48327531,2272,0.002
680.486378553,2176,0.0
680.489466537,2064,0.002
680.492560854,1952,0.0
680.495648487,1824,0.0
680.498749138,1696,0.0
680.501845436,1616,0.0
680.504953587,1520,0.0
680.508033312,1424,0.0
680.511158259,1344,0.002
680.514277706,1280,0.0
680.517477024,1232,0.0
680.520568601,1184,0.0
680.523666066,1120,0.0
680.526765828,1056,0.0
680.529873423,992,0.004
680.533013833,944,-0.002
680.54126084,800,0.002
680.547399142,704,0.0
680.551223275,672,0.0
680.554335537,672,0.002
680.557458854,656,0.0
680.560702283,656,0.0
680.563796378,656,0.0
680.566901992,672,0.0
680.569988124,672,0.0
680.573079108,656,0.0
680.576176333,672,0.0
680.579296243,672,0.0
680.582444524,672,0.0
680.585560008,656,0.0
680.588671362,640,0.002
680.591785939,656,0.0
680.59488659,672,0.002
680.598096778,656,0.002
680.601256281,672,0.0
680.60445545,656,0.0
680.607600601,656,0.0
680.610755455,656,0.002
680.613937125,656,0.002
680.61707372,656,0.0
680.620224112,672,0.0
680.623348485,672,0.0
680.62647345,640,0.002
680.629564916,672,0.0
680.632654567,688,0.0
680.641445426,656,0.0
680.647432857,656,0.0
680.651263897,656,0.0
680.654359826,656,0.002
680.657465495,656,0.0
680.660576257,672,0.0
680.663682852,672,0.002
680.666783022,672,0.0
680.669923691,656,0.002
680.673088083,672,0.0
680.676219808,672,0.0
680.67944381,656,0.002
680.682559924,656,0.0
680.685683056,656,0.0
680.68880254,672,0.0
680.691918691,656,-0.002
680.695028509,672,0.0
680.698135678,672,0.0
680.701239181,688,0.002
680.704336183,672,0.002
680.707480168,656,-0.002
680.7105828,656,0.0
680.713684265,656,0.0
680.716888805,672,-0.002
680.719989252,656,0.002
680.723119125,672,0.0
680.726236998,672,0.004
680.72935276,656,0.0
680.732484615,656,0.0
680.7412759,656,0.0
680.747395961,672,0.002
680.751258927,672,0.0
680.754358596,672,0.0
680.757456543,672,0.0
680.76055762,640,0.0
680.763752234,672,-0.002
680.766855274,672,0.0
680.769929369,656,0.0
680.773038649,656,0.0
680.776181022,672,0.002
680.779276599,656,0.0
680.782406546,656,0.002
680.785565716,656,0.0
680.788663774,656,0.0
680.791760647,672,0.0
680.794877853,672,-0.002
680.797999152,672,0.002
680.801238044,672,0.0
680.804324769,672,0.0
680.807447438,656,0.002
680.810548996,672,0.002
680.813666425,656,0.0
680.816784853,688,0.002
680.819870967,688,0.002
680.822946322,656,0.0
680.826037713,672,0.002
680.829122549,656,0.0
680.832260663,672,-0.002
680.840450022,656,0.002
680.846332008,688,-0.002
680.850206012,656,0.0
680.853291607,672,0.0
680.856391183,672,0.0
680.859473334,656,0.002
680.862585355,656,0.0
680.865696728,656,0.0
680.868795601,656,0.0
680.871890326,656,0.0
680.874971181,672,0.0
680.878045295,672,0.0
680.881253464,672,0.002
680.884453467,672,0.002
680.887543062,672,0.0
680.890629194,640,0.0
680.893716826,672,0.0
680.89680544,640,0.0
680.899909961,656,0.002
680.903008223,672,0.0
680.906111874,672,0.002
680.909206932,672,0.0
680.912310972,672,0.0
680.915427364,672,0.002
680.918632903,672,0.0
680.921730276,672,0.0
680.924818372,672,0.0
680.927913022,672,0.0
680.931030914,656,-0.002
680.934127731,656,0.0
680.94128033,672,0.0
680.947398465,656,0.002
680.951210894,688,0.0
680.954306471,656,0.0
680.95740227,672,0.002
680.960508569,656,0.0
680.963727868,656,0.0
680.966827889,656,0.0
680.96991528,672,0.0
680.973007746,656,0.0
680.976104989,656,0.0
680.979198492,672,-0.002
680.982274995,672,0.0
680.985424682,656,-0.002
680.988513111,656,0.0
680.991615354,656,0.0
680.994723061,656,0.002
680.997935101,672,-0.002
681.001015418,672,0.0
681.004109402,656,0.0
681.007199442,656,-0.002
681.010286611,656,0.0
681.01338504,672,0.0
681.016486542,672,0.0
681.019587063,656,-0.002
681.022737937,672,0.0
681.02589705,672,0.0
681.028994868,656,0.0
681.032112889,672,0.0
681.040434581,672,0.002
681.046329253,672,0.0
681.050236071,672,-0.002
681.053355907,672,0.0
681.056465428,672,0.0
681.059576246,640,0.002
681.062675489,656,0.0
681.065806529,656,0.0
681.068911069,688,0.0
681.072030145,672,0.002
681.075149981,672,0.0
681.078270484,656,0.0
681.081499135,656,0.0
681.08460486,672,0.0
681.087712788,672,0.0
681.090827272,672,-0.002
681.093943053,672,-0.002
681.097062667,672,0.0
681.100193225,656,0.0
681.103428505,672,0.0
681.106593786,656,0.0
681.109731603,656,0.002
681.112883217,656,0.0
681.116133905,672,-0.004
681.11924113,672,0.0
681.12238717,672,0.0
681.125496358,672,0.0
681.128599675,672,0.002
681.131726159,672,0.0
681.140339667,672,0.0
681.146373153,656,0.0
681.150235008,656,0.002
681.153351159,672,0.002
681.156452106,672,0.0
681.159584368,672,0.0
681.162851204,656,0.0
681.1659603,656,0.0
681.16905071,656,0.0
681.172137657,656,0.0
681.175261567,672,0.0
681.178396532,656,0.0
681.181510239,640,0.0
681.184658964,656,0.0
681.187773614,656,-0.002
681.190878747,672,0.0
681.193996601,656,0.0
681.197118141,656,0.0
681.200332662,672,0.0
681.20344598,672,0.0
681.206563279,656,0.0
681.209666152,672,0.004
681.212762302,672,0.0
681.215848916,688,0.002
681.218970845,656,0.0
681.222084514,672,0.002
681.225192887,656,0.0
681.228324742,656,0.0
681.231433522,672,0.0
681.234544932,656,0.0
681.241304031,688,0.0
681.248319018,656,0.0
681.252008706,656,0.0
681.255126431,672,0.0
681.258238193,656,0.002
681.261350159,672,0.0
681.26443855,672,0.002
681.267536997,672,0.0
681.270662648,656,0.002
681.273791484,688,0.0
681.276914561,672,0.0
681.280156712,672,0.0
681.283343029,656,0.0
681.286472051,672,-0.002
681.289586368,656,0.0
681.29270663,656,0.002
681.295827188,672,0.0
681.29894208,656,0.002
681.302072916,672,0.0
681.305204937,672,-0.002
681.308339625,688,0.002
681.311448387,656,0.002
681.314546741,672,0.002
681.317778262,656,0.0
681.320912691,656,0.0
681.324013768,688,0.002
681.327117807,672,0.0
681.330249551,672,0.0
681.333368868,656,-0.002
681.341355338,672,0.0
681.347449454,656,0.0
681.351300254,656,-0.002
681.354423497,656,0.0
681.357562556,672,0.0
681.360677021,656,0.0
681.363890246,672,0.0
681.367011916,672,0.0
681.370143881,656,-0.002
681.373282902,656,0.0
681.376415701,656,-0.002
681.37955176,656,0.002
681.382682596,672,0.0
681.385851932,656,0.0
681.388962749,672,0.0
681.3920774,656,0.0
681.395217199,672,0.0
681.398320127,656,0.0
681.401559871,656,0.002
681.404663651,688,0.0
681.407783802,672,0.0
681.410892768,656,0.002
681.414010585,672,0.002
681.417145032,656,0.002
681.420256905,672,0.0
681.423345575,672,0.0
